-1.00000000e+00	-1.00000000e+00	1.63026884e+00
-1.00000000e+00	-9.31034483e-01	7.66493923e-01
-1.00000000e+00	-8.62068966e-01	-3.72767215e-01
-1.00000000e+00	-7.93103448e-01	-7.93525566e-01
-1.00000000e+00	-7.24137931e-01	-9.08027863e-01
-1.00000000e+00	-6.55172414e-01	-1.30449226e-01
-1.00000000e+00	-5.86206897e-01	6.93936490e-01
-1.00000000e+00	-5.17241379e-01	2.51569970e-01
-1.00000000e+00	-4.48275862e-01	6.05466309e-01
-1.00000000e+00	-3.79310345e-01	-1.94834939e-01
-1.00000000e+00	-3.10344828e-01	-7.90035045e-01
-1.00000000e+00	-2.41379310e-01	7.66821093e-01
-1.00000000e+00	-1.72413793e-01	8.92399835e-01
-1.00000000e+00	-1.03448276e-01	3.75807142e-01
-1.00000000e+00	-3.44827586e-02	7.94953429e-01
-1.00000000e+00	3.44827586e-02	7.79466465e-01
-1.00000000e+00	1.03448276e-01	5.21389381e-01
-1.00000000e+00	1.72413793e-01	2.89614337e-01
-1.00000000e+00	2.41379310e-01	2.86595544e-01
-1.00000000e+00	3.10344828e-01	8.50171662e-01
-1.00000000e+00	3.79310345e-01	8.26895158e-01
-1.00000000e+00	4.48275862e-01	2.01321600e-01
-1.00000000e+00	5.17241379e-01	5.22693523e-01
-1.00000000e+00	5.86206897e-01	3.30697673e-01
-1.00000000e+00	6.55172414e-01	-4.15495371e-02
-1.00000000e+00	7.24137931e-01	5.69886350e-01
-1.00000000e+00	7.93103448e-01	4.22205432e-01
-1.00000000e+00	8.62068966e-01	1.86232694e-01
-1.00000000e+00	9.31034483e-01	4.62884273e-01
-1.00000000e+00	1.00000000e+00	3.98023096e-01
-9.31034483e-01	-1.00000000e+00	1.15608254e+00
-9.31034483e-01	-9.31034483e-01	4.29557499e-01
-9.31034483e-01	-8.62068966e-01	-1.24118779e+00
-9.31034483e-01	-7.93103448e-01	-1.56934223e+00
-9.31034483e-01	-7.24137931e-01	-1.19909276e+00
-9.31034483e-01	-6.55172414e-01	-4.72199421e-01
-9.31034483e-01	-5.86206897e-01	4.67839384e-01
-9.31034483e-01	-5.17241379e-01	6.15534425e-01
-9.31034483e-01	-4.48275862e-01	3.70369657e-01
-9.31034483e-01	-3.79310345e-01	-1.62666726e-01
-9.31034483e-01	-3.10344828e-01	-1.07808314e+00
-9.31034483e-01	-2.41379310e-01	-5.96454028e-01
-9.31034483e-01	-1.72413793e-01	-3.85732575e-01
-9.31034483e-01	-1.03448276e-01	6.00829695e-02
-9.31034483e-01	-3.44827586e-02	6.03141649e-01
-9.31034483e-01	3.44827586e-02	5.07517124e-01
-9.31034483e-01	1.03448276e-01	-3.35371135e-01
-9.31034483e-01	1.72413793e-01	-6.16002743e-01
-9.31034483e-01	2.41379310e-01	-2.88515406e-01
-9.31034483e-01	3.10344828e-01	1.65275696e-01
-9.31034483e-01	3.79310345e-01	6.50842594e-01
-9.31034483e-01	4.48275862e-01	4.55365058e-02
-9.31034483e-01	5.17241379e-01	8.99354845e-03
-9.31034483e-01	5.86206897e-01	6.04801981e-02
-9.31034483e-01	6.55172414e-01	-4.52524383e-02
-9.31034483e-01	7.24137931e-01	2.62847438e-01
-9.31034483e-01	7.93103448e-01	2.91336753e-01
-9.31034483e-01	8.62068966e-01	2.14735145e-01
-9.31034483e-01	9.31034483e-01	4.89640002e-01
-9.31034483e-01	1.00000000e+00	-4.81274660e-02
-8.62068966e-01	-1.00000000e+00	6.25335740e-01
-8.62068966e-01	-9.31034483e-01	2.92308112e-01
-8.62068966e-01	-8.62068966e-01	-6.84219354e-01
-8.62068966e-01	-7.93103448e-01	-1.43934834e+00
-8.62068966e-01	-7.24137931e-01	-1.38907156e+00
-8.62068966e-01	-6.55172414e-01	-6.02100981e-01
-8.62068966e-01	-5.86206897e-01	6.29852850e-02
-8.62068966e-01	-5.17241379e-01	1.32164361e-01
-8.62068966e-01	-4.48275862e-01	4.12029352e-02
-8.62068966e-01	-3.79310345e-01	-4.16570042e-01
-8.62068966e-01	-3.10344828e-01	-1.24777609e+00
-8.62068966e-01	-2.41379310e-01	-1.64199517e+00
-8.62068966e-01	-1.72413793e-01	-1.11089298e+00
-8.62068966e-01	-1.03448276e-01	-4.84144106e-01
-8.62068966e-01	-3.44827586e-02	1.29148468e-01
-8.62068966e-01	3.44827586e-02	-4.44440003e-01
-8.62068966e-01	1.03448276e-01	-5.82386496e-01
-8.62068966e-01	1.72413793e-01	3.72652018e-01
-8.62068966e-01	2.41379310e-01	7.29666195e-01
-8.62068966e-01	3.10344828e-01	4.44989993e-01
-8.62068966e-01	3.79310345e-01	7.66131669e-01
-8.62068966e-01	4.48275862e-01	7.77005768e-01
-8.62068966e-01	5.17241379e-01	7.20535913e-01
-8.62068966e-01	5.86206897e-01	1.49835897e-01
-8.62068966e-01	6.55172414e-01	-5.18509379e-01
-8.62068966e-01	7.24137931e-01	-1.03446674e+00
-8.62068966e-01	7.93103448e-01	-5.21202996e-01
-8.62068966e-01	8.62068966e-01	7.55703239e-01
-8.62068966e-01	9.31034483e-01	1.02013066e+00
-8.62068966e-01	1.00000000e+00	4.40445284e-01
-7.93103448e-01	-1.00000000e+00	-1.23940450e-01
-7.93103448e-01	-9.31034483e-01	1.99072624e-01
-7.93103448e-01	-8.62068966e-01	-3.47326970e-01
-7.93103448e-01	-7.93103448e-01	-1.14330561e+00
-7.93103448e-01	-7.24137931e-01	-1.12414708e+00
-7.93103448e-01	-6.55172414e-01	2.23156339e-02
-7.93103448e-01	-5.86206897e-01	3.56911787e-01
-7.93103448e-01	-5.17241379e-01	-1.21099191e-01
-7.93103448e-01	-4.48275862e-01	-3.93538111e-02
-7.93103448e-01	-3.79310345e-01	1.16916556e-02
-7.93103448e-01	-3.10344828e-01	-6.21838556e-01
-7.93103448e-01	-2.41379310e-01	-3.37963174e-01
-7.93103448e-01	-1.72413793e-01	-4.48070216e-01
-7.93103448e-01	-1.03448276e-01	-5.92008938e-01
-7.93103448e-01	-3.44827586e-02	1.25038918e-01
-7.93103448e-01	3.44827586e-02	-1.93685345e-01
-7.93103448e-01	1.03448276e-01	2.53745277e-01
-7.93103448e-01	1.72413793e-01	1.55855555e+00
-7.93103448e-01	2.41379310e-01	1.11507416e+00
-7.93103448e-01	3.10344828e-01	4.65746548e-01
-7.93103448e-01	3.79310345e-01	6.39075277e-01
-7.93103448e-01	4.48275862e-01	9.29538202e-01
-7.93103448e-01	5.17241379e-01	7.72434610e-02
-7.93103448e-01	5.86206897e-01	-3.28338940e-01
-7.93103448e-01	6.55172414e-01	-2.48057981e-01
-7.93103448e-01	7.24137931e-01	-3.83903409e-01
-7.93103448e-01	7.93103448e-01	-2.35162314e-01
-7.93103448e-01	8.62068966e-01	4.16797393e-01
-7.93103448e-01	9.31034483e-01	4.53652913e-01
-7.93103448e-01	1.00000000e+00	7.21840405e-01
-7.24137931e-01	-1.00000000e+00	-3.18967559e-01
-7.24137931e-01	-9.31034483e-01	-1.31867646e-01
-7.24137931e-01	-8.62068966e-01	-3.45159272e-01
-7.24137931e-01	-7.93103448e-01	-4.63998225e-01
-7.24137931e-01	-7.24137931e-01	-3.05111421e-01
-7.24137931e-01	-6.55172414e-01	2.41111029e-01
-7.24137931e-01	-5.86206897e-01	2.46551771e-01
-7.24137931e-01	-5.17241379e-01	-7.87245857e-01
-7.24137931e-01	-4.48275862e-01	-8.84948193e-01
-7.24137931e-01	-3.79310345e-01	-6.79018036e-01
-7.24137931e-01	-3.10344828e-01	-3.54094868e-01
-7.24137931e-01	-2.41379310e-01	6.18483395e-01
-7.24137931e-01	-1.72413793e-01	4.67147187e-01
-7.24137931e-01	-1.03448276e-01	-1.62475020e-02
-7.24137931e-01	-3.44827586e-02	2.33670400e-01
-7.24137931e-01	3.44827586e-02	-1.31534396e-01
-7.24137931e-01	1.03448276e-01	1.56948327e-01
-7.24137931e-01	1.72413793e-01	1.21712659e+00
-7.24137931e-01	2.41379310e-01	1.08950455e+00
-7.24137931e-01	3.10344828e-01	-3.04060550e-01
-7.24137931e-01	3.79310345e-01	-3.97185075e-01
-7.24137931e-01	4.48275862e-01	2.70974941e-02
-7.24137931e-01	5.17241379e-01	-8.05221420e-01
-7.24137931e-01	5.86206897e-01	-6.94049130e-01
-7.24137931e-01	6.55172414e-01	-1.85213247e-02
-7.24137931e-01	7.24137931e-01	1.98877657e-01
-7.24137931e-01	7.93103448e-01	1.20621069e-01
-7.24137931e-01	8.62068966e-01	-1.19977884e-01
-7.24137931e-01	9.31034483e-01	-1.21687817e-01
-7.24137931e-01	1.00000000e+00	1.18529589e-01
-6.55172414e-01	-1.00000000e+00	-4.21011742e-01
-6.55172414e-01	-9.31034483e-01	-1.17904117e-01
-6.55172414e-01	-8.62068966e-01	-1.58824941e-02
-6.55172414e-01	-7.93103448e-01	6.21697934e-01
-6.55172414e-01	-7.24137931e-01	4.03094093e-01
-6.55172414e-01	-6.55172414e-01	1.40039715e-01
-6.55172414e-01	-5.86206897e-01	3.84272263e-01
-6.55172414e-01	-5.17241379e-01	-6.70347107e-01
-6.55172414e-01	-4.48275862e-01	-8.52913380e-01
-6.55172414e-01	-3.79310345e-01	-7.79502655e-01
-6.55172414e-01	-3.10344828e-01	7.86886228e-02
-6.55172414e-01	-2.41379310e-01	5.14306214e-01
-6.55172414e-01	-1.72413793e-01	4.12283863e-01
-6.55172414e-01	-1.03448276e-01	3.19135045e-01
-6.55172414e-01	-3.44827586e-02	-7.98380760e-03
-6.55172414e-01	3.44827586e-02	-8.89559036e-02
-6.55172414e-01	1.03448276e-01	3.57696419e-01
-6.55172414e-01	1.72413793e-01	7.74102005e-01
-6.55172414e-01	2.41379310e-01	3.17129728e-01
-6.55172414e-01	3.10344828e-01	-9.09461372e-01
-6.55172414e-01	3.79310345e-01	-7.81003522e-01
-6.55172414e-01	4.48275862e-01	-5.67832195e-01
-6.55172414e-01	5.17241379e-01	-5.04641459e-01
-6.55172414e-01	5.86206897e-01	-3.83443617e-01
-6.55172414e-01	6.55172414e-01	1.14187869e-01
-6.55172414e-01	7.24137931e-01	-6.10871910e-01
-6.55172414e-01	7.93103448e-01	-9.87327558e-01
-6.55172414e-01	8.62068966e-01	6.54093279e-02
-6.55172414e-01	9.31034483e-01	4.16984871e-01
-6.55172414e-01	1.00000000e+00	-1.07793323e-01
-5.86206897e-01	-1.00000000e+00	-5.36155582e-01
-5.86206897e-01	-9.31034483e-01	-1.67302700e-01
-5.86206897e-01	-8.62068966e-01	4.40541993e-01
-5.86206897e-01	-7.93103448e-01	9.65996900e-01
-5.86206897e-01	-7.24137931e-01	3.54564047e-01
-5.86206897e-01	-6.55172414e-01	2.74408568e-01
-5.86206897e-01	-5.86206897e-01	1.04825762e+00
-5.86206897e-01	-5.17241379e-01	3.42351814e-01
-5.86206897e-01	-4.48275862e-01	-6.04715085e-01
-5.86206897e-01	-3.79310345e-01	-1.06568545e+00
-5.86206897e-01	-3.10344828e-01	-6.30942868e-01
-5.86206897e-01	-2.41379310e-01	-1.43038968e-02
-5.86206897e-01	-1.72413793e-01	-1.32191854e-01
-5.86206897e-01	-1.03448276e-01	-5.38590154e-01
-5.86206897e-01	-3.44827586e-02	-9.26350836e-01
-5.86206897e-01	3.44827586e-02	-1.57048470e-01
-5.86206897e-01	1.03448276e-01	3.58433252e-01
-5.86206897e-01	1.72413793e-01	7.23061614e-01
-5.86206897e-01	2.41379310e-01	4.86605778e-02
-5.86206897e-01	3.10344828e-01	-7.28947824e-01
-5.86206897e-01	3.79310345e-01	-6.01888367e-01
-5.86206897e-01	4.48275862e-01	-2.42351472e-02
-5.86206897e-01	5.17241379e-01	-1.42176406e-01
-5.86206897e-01	5.86206897e-01	-4.52297386e-01
-5.86206897e-01	6.55172414e-01	-2.68226254e-01
-5.86206897e-01	7.24137931e-01	-1.05323575e+00
-5.86206897e-01	7.93103448e-01	-9.14883045e-01
-5.86206897e-01	8.62068966e-01	9.64565955e-01
-5.86206897e-01	9.31034483e-01	8.40805312e-01
-5.86206897e-01	1.00000000e+00	1.04744765e-01
-5.17241379e-01	-1.00000000e+00	2.40574739e-01
-5.17241379e-01	-9.31034483e-01	4.91634016e-01
-5.17241379e-01	-8.62068966e-01	2.04373439e-01
-5.17241379e-01	-7.93103448e-01	-1.79556810e-03
-5.17241379e-01	-7.24137931e-01	-1.21681289e-01
-5.17241379e-01	-6.55172414e-01	2.87363120e-01
-5.17241379e-01	-5.86206897e-01	5.57124160e-01
-5.17241379e-01	-5.17241379e-01	-3.54595397e-02
-5.17241379e-01	-4.48275862e-01	-6.50174740e-01
-5.17241379e-01	-3.79310345e-01	-4.90413891e-01
-5.17241379e-01	-3.10344828e-01	-7.07000709e-01
-5.17241379e-01	-2.41379310e-01	-2.73739876e-01
-5.17241379e-01	-1.72413793e-01	-7.76435739e-01
-5.17241379e-01	-1.03448276e-01	-9.84847105e-01
-5.17241379e-01	-3.44827586e-02	-6.80569541e-01
-5.17241379e-01	3.44827586e-02	-7.85288626e-02
-5.17241379e-01	1.03448276e-01	3.02035743e-01
-5.17241379e-01	1.72413793e-01	5.73318230e-01
-5.17241379e-01	2.41379310e-01	5.64616072e-02
-5.17241379e-01	3.10344828e-01	-1.90537650e-01
-5.17241379e-01	3.79310345e-01	2.77530102e-01
-5.17241379e-01	4.48275862e-01	2.81692634e-01
-5.17241379e-01	5.17241379e-01	-4.65150747e-01
-5.17241379e-01	5.86206897e-01	-6.16525180e-01
-5.17241379e-01	6.55172414e-01	-3.53942135e-01
-5.17241379e-01	7.24137931e-01	-9.09927878e-01
-5.17241379e-01	7.93103448e-01	-5.85642470e-01
-5.17241379e-01	8.62068966e-01	5.83826292e-01
-5.17241379e-01	9.31034483e-01	4.71827757e-02
-5.17241379e-01	1.00000000e+00	-3.30987046e-01
-4.48275862e-01	-1.00000000e+00	-1.45321314e-01
-4.48275862e-01	-9.31034483e-01	4.60754884e-02
-4.48275862e-01	-8.62068966e-01	-6.76613833e-01
-4.48275862e-01	-7.93103448e-01	-1.06962244e+00
-4.48275862e-01	-7.24137931e-01	-1.06823333e+00
-4.48275862e-01	-6.55172414e-01	8.17223393e-02
-4.48275862e-01	-5.86206897e-01	-4.99347245e-01
-4.48275862e-01	-5.17241379e-01	-1.35862790e+00
-4.48275862e-01	-4.48275862e-01	-6.03236697e-01
-4.48275862e-01	-3.79310345e-01	4.64273406e-01
-4.48275862e-01	-3.10344828e-01	3.17958322e-01
-4.48275862e-01	-2.41379310e-01	5.15288412e-01
-4.48275862e-01	-1.72413793e-01	-7.62715823e-01
-4.48275862e-01	-1.03448276e-01	-3.78816362e-01
-4.48275862e-01	-3.44827586e-02	4.51987973e-01
-4.48275862e-01	3.44827586e-02	-1.10530287e-01
-4.48275862e-01	1.03448276e-01	-5.41339349e-01
-4.48275862e-01	1.72413793e-01	-5.20989717e-01
-4.48275862e-01	2.41379310e-01	-4.37364626e-01
-4.48275862e-01	3.10344828e-01	-4.99120096e-01
-4.48275862e-01	3.79310345e-01	5.30565402e-01
-4.48275862e-01	4.48275862e-01	2.70464508e-01
-4.48275862e-01	5.17241379e-01	-1.58389447e+00
-4.48275862e-01	5.86206897e-01	-1.33733436e+00
-4.48275862e-01	6.55172414e-01	1.67054875e-01
-4.48275862e-01	7.24137931e-01	3.30108845e-02
-4.48275862e-01	7.93103448e-01	3.78448633e-01
-4.48275862e-01	8.62068966e-01	4.29644432e-01
-4.48275862e-01	9.31034483e-01	-3.31330959e-01
-4.48275862e-01	1.00000000e+00	-9.78033786e-01
-3.79310345e-01	-1.00000000e+00	-6.94965343e-01
-3.79310345e-01	-9.31034483e-01	-5.32227716e-01
-3.79310345e-01	-8.62068966e-01	-7.39294547e-01
-3.79310345e-01	-7.93103448e-01	-1.59089552e+00
-3.79310345e-01	-7.24137931e-01	-1.47880906e+00
-3.79310345e-01	-6.55172414e-01	-1.97232624e-01
-3.79310345e-01	-5.86206897e-01	-2.94349497e-01
-3.79310345e-01	-5.17241379e-01	-9.70088649e-01
-3.79310345e-01	-4.48275862e-01	-4.45737596e-02
-3.79310345e-01	-3.79310345e-01	7.86941889e-01
-3.79310345e-01	-3.10344828e-01	4.97517431e-01
-3.79310345e-01	-2.41379310e-01	2.79905068e-01
-3.79310345e-01	-1.72413793e-01	-8.52479078e-01
-3.79310345e-01	-1.03448276e-01	-5.55621037e-01
-3.79310345e-01	-3.44827586e-02	3.97234637e-01
-3.79310345e-01	3.44827586e-02	-4.23587555e-01
-3.79310345e-01	1.03448276e-01	-1.48997443e+00
-3.79310345e-01	1.72413793e-01	-1.52159325e+00
-3.79310345e-01	2.41379310e-01	-8.88178232e-01
-3.79310345e-01	3.10344828e-01	-5.91076452e-01
-3.79310345e-01	3.79310345e-01	-3.29776341e-02
-3.79310345e-01	4.48275862e-01	2.87491513e-01
-3.79310345e-01	5.17241379e-01	-9.37385291e-01
-3.79310345e-01	5.86206897e-01	-1.52466502e-01
-3.79310345e-01	6.55172414e-01	1.16242488e+00
-3.79310345e-01	7.24137931e-01	6.26291513e-01
-3.79310345e-01	7.93103448e-01	4.92481369e-01
-3.79310345e-01	8.62068966e-01	1.90381571e-01
-3.79310345e-01	9.31034483e-01	5.00308335e-02
-3.79310345e-01	1.00000000e+00	-7.17299503e-02
-3.10344828e-01	-1.00000000e+00	-7.90748408e-01
-3.10344828e-01	-9.31034483e-01	8.60120478e-02
-3.10344828e-01	-8.62068966e-01	4.16798844e-01
-3.10344828e-01	-7.93103448e-01	-7.09268223e-01
-3.10344828e-01	-7.24137931e-01	-9.98334794e-01
-3.10344828e-01	-6.55172414e-01	-7.21222005e-01
-3.10344828e-01	-5.86206897e-01	-4.34451191e-01
-3.10344828e-01	-5.17241379e-01	-6.94974985e-01
-3.10344828e-01	-4.48275862e-01	-2.81854586e-01
-3.10344828e-01	-3.79310345e-01	3.05543563e-02
-3.10344828e-01	-3.10344828e-01	1.28503519e-01
-3.10344828e-01	-2.41379310e-01	-4.48394301e-01
-3.10344828e-01	-1.72413793e-01	-8.86878259e-01
-3.10344828e-01	-1.03448276e-01	-9.45458283e-01
-3.10344828e-01	-3.44827586e-02	-1.09087862e+00
-3.10344828e-01	3.44827586e-02	-7.91088597e-01
-3.10344828e-01	1.03448276e-01	-4.41787722e-01
-3.10344828e-01	1.72413793e-01	-5.95714191e-01
-3.10344828e-01	2.41379310e-01	-1.16650601e+00
-3.10344828e-01	3.10344828e-01	-7.83879308e-01
-3.10344828e-01	3.79310345e-01	-1.79281779e-01
-3.10344828e-01	4.48275862e-01	5.39396269e-01
-3.10344828e-01	5.17241379e-01	6.85843278e-01
-3.10344828e-01	5.86206897e-01	1.21746940e+00
-3.10344828e-01	6.55172414e-01	5.80749145e-01
-3.10344828e-01	7.24137931e-01	-4.53226085e-01
-3.10344828e-01	7.93103448e-01	-3.66126313e-01
-3.10344828e-01	8.62068966e-01	-4.38664499e-01
-3.10344828e-01	9.31034483e-01	8.45556756e-02
-3.10344828e-01	1.00000000e+00	1.67966153e-01
-2.41379310e-01	-1.00000000e+00	-7.48928952e-01
-2.41379310e-01	-9.31034483e-01	-3.10777014e-01
-2.41379310e-01	-8.62068966e-01	-1.48431550e-01
-2.41379310e-01	-7.93103448e-01	-6.75427460e-01
-2.41379310e-01	-7.24137931e-01	-6.33126858e-01
-2.41379310e-01	-6.55172414e-01	-8.79736672e-01
-2.41379310e-01	-5.86206897e-01	-8.72814037e-01
-2.41379310e-01	-5.17241379e-01	-4.79087194e-01
-2.41379310e-01	-4.48275862e-01	-1.17125213e-01
-2.41379310e-01	-3.79310345e-01	-1.63611197e-01
-2.41379310e-01	-3.10344828e-01	2.74466663e-02
-2.41379310e-01	-2.41379310e-01	-4.58481451e-01
-2.41379310e-01	-1.72413793e-01	-1.12616488e+00
-2.41379310e-01	-1.03448276e-01	-9.30684993e-01
-2.41379310e-01	-3.44827586e-02	-6.79356660e-01
-2.41379310e-01	3.44827586e-02	6.45734821e-02
-2.41379310e-01	1.03448276e-01	-7.93318334e-02
-2.41379310e-01	1.72413793e-01	-8.67026304e-01
-2.41379310e-01	2.41379310e-01	-9.29488706e-01
-2.41379310e-01	3.10344828e-01	-4.24437519e-01
-2.41379310e-01	3.79310345e-01	-2.71796136e-01
-2.41379310e-01	4.48275862e-01	-3.54360388e-02
-2.41379310e-01	5.17241379e-01	8.25923970e-01
-2.41379310e-01	5.86206897e-01	7.45915061e-01
-2.41379310e-01	6.55172414e-01	-4.23702780e-01
-2.41379310e-01	7.24137931e-01	-2.50278004e-01
-2.41379310e-01	7.93103448e-01	2.32440306e-01
-2.41379310e-01	8.62068966e-01	-5.08002520e-02
-2.41379310e-01	9.31034483e-01	-2.25579935e-01
-2.41379310e-01	1.00000000e+00	-7.03077806e-01
-1.72413793e-01	-1.00000000e+00	-2.40012264e-01
-1.72413793e-01	-9.31034483e-01	-5.42537160e-01
-1.72413793e-01	-8.62068966e-01	-1.42917865e+00
-1.72413793e-01	-7.93103448e-01	-1.53819826e+00
-1.72413793e-01	-7.24137931e-01	-4.06399092e-01
-1.72413793e-01	-6.55172414e-01	-4.66142605e-01
-1.72413793e-01	-5.86206897e-01	-8.63244195e-01
-1.72413793e-01	-5.17241379e-01	9.88236638e-02
-1.72413793e-01	-4.48275862e-01	2.71205832e-01
-1.72413793e-01	-3.79310345e-01	-1.91132553e-01
-1.72413793e-01	-3.10344828e-01	2.82405932e-01
-1.72413793e-01	-2.41379310e-01	5.03763794e-01
-1.72413793e-01	-1.72413793e-01	-6.46186495e-01
-1.72413793e-01	-1.03448276e-01	-1.11442445e+00
-1.72413793e-01	-3.44827586e-02	-4.99076653e-01
-1.72413793e-01	3.44827586e-02	3.11392983e-02
-1.72413793e-01	1.03448276e-01	-1.00896538e-01
-1.72413793e-01	1.72413793e-01	-3.22438513e-01
-1.72413793e-01	2.41379310e-01	-3.16882828e-01
-1.72413793e-01	3.10344828e-01	-1.04897159e-01
-1.72413793e-01	3.79310345e-01	-5.58214995e-01
-1.72413793e-01	4.48275862e-01	-4.56191739e-01
-1.72413793e-01	5.17241379e-01	2.63890245e-01
-1.72413793e-01	5.86206897e-01	1.45004984e-01
-1.72413793e-01	6.55172414e-01	-1.15729921e+00
-1.72413793e-01	7.24137931e-01	-7.23431196e-01
-1.72413793e-01	7.93103448e-01	-1.58197733e-01
-1.72413793e-01	8.62068966e-01	-2.45340999e-01
-1.72413793e-01	9.31034483e-01	-4.45967821e-01
-1.72413793e-01	1.00000000e+00	-9.96029806e-01
-1.03448276e-01	-1.00000000e+00	3.79104052e-01
-1.03448276e-01	-9.31034483e-01	-9.05654288e-01
-1.03448276e-01	-8.62068966e-01	-1.83656590e+00
-1.03448276e-01	-7.93103448e-01	-1.45418025e+00
-1.03448276e-01	-7.24137931e-01	-6.65247745e-01
-1.03448276e-01	-6.55172414e-01	5.62935424e-03
-1.03448276e-01	-5.86206897e-01	-8.34050575e-02
-1.03448276e-01	-5.17241379e-01	3.08927417e-01
-1.03448276e-01	-4.48275862e-01	-1.37807876e-01
-1.03448276e-01	-3.79310345e-01	-3.66843889e-01
-1.03448276e-01	-3.10344828e-01	4.31668646e-02
-1.03448276e-01	-2.41379310e-01	4.89688618e-01
-1.03448276e-01	-1.72413793e-01	-3.09965795e-01
-1.03448276e-01	-1.03448276e-01	-6.78856530e-01
-1.03448276e-01	-3.44827586e-02	-4.51203059e-01
-1.03448276e-01	3.44827586e-02	-1.03453472e+00
-1.03448276e-01	1.03448276e-01	-1.15097104e+00
-1.03448276e-01	1.72413793e-01	-9.11747971e-01
-1.03448276e-01	2.41379310e-01	-6.59372499e-01
-1.03448276e-01	3.10344828e-01	-3.55186401e-01
-1.03448276e-01	3.79310345e-01	-9.00729430e-02
-1.03448276e-01	4.48275862e-01	-2.19248603e-01
-1.03448276e-01	5.17241379e-01	3.34716239e-01
-1.03448276e-01	5.86206897e-01	9.72080805e-01
-1.03448276e-01	6.55172414e-01	2.34658730e-01
-1.03448276e-01	7.24137931e-01	5.59648893e-01
-1.03448276e-01	7.93103448e-01	-1.14881111e-01
-1.03448276e-01	8.62068966e-01	-1.41716858e+00
-1.03448276e-01	9.31034483e-01	-1.48465677e+00
-1.03448276e-01	1.00000000e+00	-8.42046015e-01
-3.44827586e-02	-1.00000000e+00	1.54465629e-01
-3.44827586e-02	-9.31034483e-01	-7.80502862e-01
-3.44827586e-02	-8.62068966e-01	-6.09448988e-01
-3.44827586e-02	-7.93103448e-01	7.45093134e-02
-3.44827586e-02	-7.24137931e-01	-2.00033324e-01
-3.44827586e-02	-6.55172414e-01	2.90885624e-01
-3.44827586e-02	-5.86206897e-01	9.79860987e-01
-3.44827586e-02	-5.17241379e-01	7.31048452e-01
-3.44827586e-02	-4.48275862e-01	6.45927195e-01
-3.44827586e-02	-3.79310345e-01	9.68497234e-01
-3.44827586e-02	-3.10344828e-01	4.35994938e-01
-3.44827586e-02	-2.41379310e-01	-4.11491520e-01
-3.44827586e-02	-1.72413793e-01	-8.85888602e-01
-3.44827586e-02	-1.03448276e-01	-2.30067249e-01
-3.44827586e-02	-3.44827586e-02	6.58257755e-01
-3.44827586e-02	3.44827586e-02	-2.20829512e-01
-3.44827586e-02	1.03448276e-01	-1.40564138e+00
-3.44827586e-02	1.72413793e-01	-1.83420597e+00
-3.44827586e-02	2.41379310e-01	-1.13020120e+00
-3.44827586e-02	3.10344828e-01	-1.31634807e-01
-3.44827586e-02	3.79310345e-01	2.11936736e-01
-3.44827586e-02	4.48275862e-01	-2.00020982e-01
-3.44827586e-02	5.17241379e-01	-2.64550035e-01
-3.44827586e-02	5.86206897e-01	9.31323257e-01
-3.44827586e-02	6.55172414e-01	2.13470321e+00
-3.44827586e-02	7.24137931e-01	2.07968948e+00
-3.44827586e-02	7.93103448e-01	7.17690612e-01
-3.44827586e-02	8.62068966e-01	-1.07726133e+00
-3.44827586e-02	9.31034483e-01	-1.59945047e+00
-3.44827586e-02	1.00000000e+00	-7.16549224e-01
3.44827586e-02	-1.00000000e+00	5.66058949e-01
3.44827586e-02	-9.31034483e-01	2.80648394e-01
3.44827586e-02	-8.62068966e-01	5.86599185e-01
3.44827586e-02	-7.93103448e-01	9.00489818e-01
3.44827586e-02	-7.24137931e-01	-1.26439119e-01
3.44827586e-02	-6.55172414e-01	-1.62672437e-01
3.44827586e-02	-5.86206897e-01	6.95561561e-01
3.44827586e-02	-5.17241379e-01	7.75284380e-01
3.44827586e-02	-4.48275862e-01	4.39237825e-01
3.44827586e-02	-3.79310345e-01	1.21396429e+00
3.44827586e-02	-3.10344828e-01	5.51548260e-01
3.44827586e-02	-2.41379310e-01	-6.11481361e-01
3.44827586e-02	-1.72413793e-01	-9.28507742e-01
3.44827586e-02	-1.03448276e-01	2.09124702e-01
3.44827586e-02	-3.44827586e-02	1.05326271e+00
3.44827586e-02	3.44827586e-02	4.95139690e-01
3.44827586e-02	1.03448276e-01	-8.18701230e-03
3.44827586e-02	1.72413793e-01	-3.13738630e-01
3.44827586e-02	2.41379310e-01	4.44421574e-01
3.44827586e-02	3.10344828e-01	9.90464883e-01
3.44827586e-02	3.79310345e-01	7.29529563e-01
3.44827586e-02	4.48275862e-01	3.98129264e-01
3.44827586e-02	5.17241379e-01	2.06221239e-01
3.44827586e-02	5.86206897e-01	5.29593825e-01
3.44827586e-02	6.55172414e-01	1.16111155e+00
3.44827586e-02	7.24137931e-01	8.04858807e-01
3.44827586e-02	7.93103448e-01	6.19544654e-01
3.44827586e-02	8.62068966e-01	1.85440270e-01
3.44827586e-02	9.31034483e-01	-6.05298724e-01
3.44827586e-02	1.00000000e+00	-8.96113279e-01
1.03448276e-01	-1.00000000e+00	5.89569375e-01
1.03448276e-01	-9.31034483e-01	1.61093400e-01
1.03448276e-01	-8.62068966e-01	-4.93744259e-01
1.03448276e-01	-7.93103448e-01	9.05055860e-02
1.03448276e-01	-7.24137931e-01	2.41025514e-01
1.03448276e-01	-6.55172414e-01	3.21315220e-01
1.03448276e-01	-5.86206897e-01	3.70067360e-01
1.03448276e-01	-5.17241379e-01	5.16098703e-01
1.03448276e-01	-4.48275862e-01	1.64059443e-01
1.03448276e-01	-3.79310345e-01	9.28131496e-01
1.03448276e-01	-3.10344828e-01	4.89509505e-01
1.03448276e-01	-2.41379310e-01	-3.61925283e-01
1.03448276e-01	-1.72413793e-01	-8.20878438e-01
1.03448276e-01	-1.03448276e-01	3.24429702e-01
1.03448276e-01	-3.44827586e-02	5.09383086e-01
1.03448276e-01	3.44827586e-02	1.17624293e-01
1.03448276e-01	1.03448276e-01	9.57217118e-01
1.03448276e-01	1.72413793e-01	8.19638353e-01
1.03448276e-01	2.41379310e-01	1.10356128e+00
1.03448276e-01	3.10344828e-01	1.84487474e+00
1.03448276e-01	3.79310345e-01	1.39265551e+00
1.03448276e-01	4.48275862e-01	3.99151730e-01
1.03448276e-01	5.17241379e-01	5.88466550e-01
1.03448276e-01	5.86206897e-01	7.51683161e-01
1.03448276e-01	6.55172414e-01	2.99727433e-01
1.03448276e-01	7.24137931e-01	-3.58431618e-01
1.03448276e-01	7.93103448e-01	-8.54605030e-01
1.03448276e-01	8.62068966e-01	-1.74107960e-01
1.03448276e-01	9.31034483e-01	4.47146827e-01
1.03448276e-01	1.00000000e+00	-1.07414196e-01
1.72413793e-01	-1.00000000e+00	8.73011633e-01
1.72413793e-01	-9.31034483e-01	2.62224066e-01
1.72413793e-01	-8.62068966e-01	-8.93387181e-01
1.72413793e-01	-7.93103448e-01	-8.58400064e-01
1.72413793e-01	-7.24137931e-01	-6.04033368e-01
1.72413793e-01	-6.55172414e-01	3.34911552e-01
1.72413793e-01	-5.86206897e-01	9.15194735e-01
1.72413793e-01	-5.17241379e-01	8.91812112e-01
1.72413793e-01	-4.48275862e-01	8.58787992e-01
1.72413793e-01	-3.79310345e-01	7.75824693e-01
1.72413793e-01	-3.10344828e-01	-1.99884905e-01
1.72413793e-01	-2.41379310e-01	-6.47868765e-01
1.72413793e-01	-1.72413793e-01	-9.06104092e-01
1.72413793e-01	-1.03448276e-01	-3.99360493e-01
1.72413793e-01	-3.44827586e-02	-1.15108301e+00
1.72413793e-01	3.44827586e-02	-8.12884280e-01
1.72413793e-01	1.03448276e-01	1.20062562e+00
1.72413793e-01	1.72413793e-01	1.58785966e+00
1.72413793e-01	2.41379310e-01	1.31139946e+00
1.72413793e-01	3.10344828e-01	7.74385076e-01
1.72413793e-01	3.79310345e-01	3.25205357e-01
1.72413793e-01	4.48275862e-01	1.47891463e-01
1.72413793e-01	5.17241379e-01	4.88995025e-01
1.72413793e-01	5.86206897e-01	-1.40074556e-01
1.72413793e-01	6.55172414e-01	-6.63894555e-01
1.72413793e-01	7.24137931e-01	-1.39910895e-01
1.72413793e-01	7.93103448e-01	1.99803309e-01
1.72413793e-01	8.62068966e-01	7.26375989e-01
1.72413793e-01	9.31034483e-01	3.76617323e-01
1.72413793e-01	1.00000000e+00	-7.61245985e-01
2.41379310e-01	-1.00000000e+00	8.07099205e-01
2.41379310e-01	-9.31034483e-01	8.75539328e-01
2.41379310e-01	-8.62068966e-01	3.18832799e-01
2.41379310e-01	-7.93103448e-01	-2.46212220e-02
2.41379310e-01	-7.24137931e-01	-9.82293573e-01
2.41379310e-01	-6.55172414e-01	-2.35725269e-01
2.41379310e-01	-5.86206897e-01	8.68939941e-01
2.41379310e-01	-5.17241379e-01	2.69103043e-01
2.41379310e-01	-4.48275862e-01	-1.77036888e-01
2.41379310e-01	-3.79310345e-01	-1.87352191e-01
2.41379310e-01	-3.10344828e-01	-7.26290525e-01
2.41379310e-01	-2.41379310e-01	-1.03435794e+00
2.41379310e-01	-1.72413793e-01	-1.09533342e+00
2.41379310e-01	-1.03448276e-01	-1.04672760e+00
2.41379310e-01	-3.44827586e-02	-1.21826160e+00
2.41379310e-01	3.44827586e-02	-3.04719676e-01
2.41379310e-01	1.03448276e-01	3.47108122e-01
2.41379310e-01	1.72413793e-01	6.18832738e-01
2.41379310e-01	2.41379310e-01	1.08131591e+00
2.41379310e-01	3.10344828e-01	9.07402634e-01
2.41379310e-01	3.79310345e-01	8.75563375e-01
2.41379310e-01	4.48275862e-01	4.86331973e-01
2.41379310e-01	5.17241379e-01	1.32508532e-01
2.41379310e-01	5.86206897e-01	-7.64247418e-01
2.41379310e-01	6.55172414e-01	-8.08901095e-01
2.41379310e-01	7.24137931e-01	3.86793508e-01
2.41379310e-01	7.93103448e-01	1.12287431e+00
2.41379310e-01	8.62068966e-01	1.22667884e+00
2.41379310e-01	9.31034483e-01	4.27345739e-01
2.41379310e-01	1.00000000e+00	-9.08204551e-01
3.10344828e-01	-1.00000000e+00	8.73045758e-01
3.10344828e-01	-9.31034483e-01	8.73661633e-01
3.10344828e-01	-8.62068966e-01	8.49302431e-01
3.10344828e-01	-7.93103448e-01	1.27193112e+00
3.10344828e-01	-7.24137931e-01	9.87300919e-02
3.10344828e-01	-6.55172414e-01	-6.84859887e-01
3.10344828e-01	-5.86206897e-01	-1.72610308e-01
3.10344828e-01	-5.17241379e-01	-6.89031706e-01
3.10344828e-01	-4.48275862e-01	-1.29897794e+00
3.10344828e-01	-3.79310345e-01	-5.23934614e-01
3.10344828e-01	-3.10344828e-01	-4.26394313e-01
3.10344828e-01	-2.41379310e-01	-9.21100924e-02
3.10344828e-01	-1.72413793e-01	-7.19356328e-01
3.10344828e-01	-1.03448276e-01	-1.11254843e+00
3.10344828e-01	-3.44827586e-02	-1.57620863e-01
3.10344828e-01	3.44827586e-02	6.97638857e-01
3.10344828e-01	1.03448276e-01	-3.63197278e-01
3.10344828e-01	1.72413793e-01	-7.57092641e-01
3.10344828e-01	2.41379310e-01	5.57503825e-01
3.10344828e-01	3.10344828e-01	9.91805428e-01
3.10344828e-01	3.79310345e-01	6.41812004e-01
3.10344828e-01	4.48275862e-01	3.03391299e-01
3.10344828e-01	5.17241379e-01	4.04719577e-02
3.10344828e-01	5.86206897e-01	-3.70984753e-01
3.10344828e-01	6.55172414e-01	-1.82066040e-01
3.10344828e-01	7.24137931e-01	4.87639444e-01
3.10344828e-01	7.93103448e-01	5.39865040e-01
3.10344828e-01	8.62068966e-01	4.44420042e-01
3.10344828e-01	9.31034483e-01	-3.86458067e-01
3.10344828e-01	1.00000000e+00	-8.41369208e-01
3.79310345e-01	-1.00000000e+00	7.02255699e-01
3.79310345e-01	-9.31034483e-01	9.57323113e-01
3.79310345e-01	-8.62068966e-01	8.63606701e-01
3.79310345e-01	-7.93103448e-01	1.19913654e+00
3.79310345e-01	-7.24137931e-01	4.16520789e-01
3.79310345e-01	-6.55172414e-01	-2.33162894e-01
3.79310345e-01	-5.86206897e-01	-4.72089360e-02
3.79310345e-01	-5.17241379e-01	-6.78115698e-01
3.79310345e-01	-4.48275862e-01	-5.71798249e-01
3.79310345e-01	-3.79310345e-01	-9.94017416e-02
3.79310345e-01	-3.10344828e-01	-3.22249042e-01
3.79310345e-01	-2.41379310e-01	2.24090959e-01
3.79310345e-01	-1.72413793e-01	-4.50647998e-01
3.79310345e-01	-1.03448276e-01	-7.40512836e-01
3.79310345e-01	-3.44827586e-02	6.13726290e-01
3.79310345e-01	3.44827586e-02	9.35020489e-01
3.79310345e-01	1.03448276e-01	-5.16738809e-01
3.79310345e-01	1.72413793e-01	-6.53709098e-01
3.79310345e-01	2.41379310e-01	5.17356134e-01
3.79310345e-01	3.10344828e-01	2.40559542e-01
3.79310345e-01	3.79310345e-01	-5.28001827e-01
3.79310345e-01	4.48275862e-01	-4.06713654e-01
3.79310345e-01	5.17241379e-01	-6.26206443e-01
3.79310345e-01	5.86206897e-01	-6.14582649e-01
3.79310345e-01	6.55172414e-01	-1.81440138e-01
3.79310345e-01	7.24137931e-01	-1.45912845e-01
3.79310345e-01	7.93103448e-01	-5.03933584e-02
3.79310345e-01	8.62068966e-01	-2.60814083e-01
3.79310345e-01	9.31034483e-01	-1.00402818e+00
3.79310345e-01	1.00000000e+00	-3.08465604e-01
4.48275862e-01	-1.00000000e+00	-7.39234604e-01
4.48275862e-01	-9.31034483e-01	3.62498406e-01
4.48275862e-01	-8.62068966e-01	9.87942315e-01
4.48275862e-01	-7.93103448e-01	8.87188447e-01
4.48275862e-01	-7.24137931e-01	-4.96980292e-02
4.48275862e-01	-6.55172414e-01	1.53419969e-01
4.48275862e-01	-5.86206897e-01	9.72060621e-01
4.48275862e-01	-5.17241379e-01	2.00828173e-01
4.48275862e-01	-4.48275862e-01	7.10905976e-01
4.48275862e-01	-3.79310345e-01	6.25876951e-01
4.48275862e-01	-3.10344828e-01	-1.36454236e-01
4.48275862e-01	-2.41379310e-01	2.18960907e-01
4.48275862e-01	-1.72413793e-01	-2.30600802e-01
4.48275862e-01	-1.03448276e-01	-3.32649425e-01
4.48275862e-01	-3.44827586e-02	3.68181167e-01
4.48275862e-01	3.44827586e-02	-4.36723392e-01
4.48275862e-01	1.03448276e-01	-1.17328337e+00
4.48275862e-01	1.72413793e-01	-7.37541942e-01
4.48275862e-01	2.41379310e-01	-2.10367730e-01
4.48275862e-01	3.10344828e-01	-5.40793894e-01
4.48275862e-01	3.79310345e-01	-4.85656728e-01
4.48275862e-01	4.48275862e-01	-1.71790990e-02
4.48275862e-01	5.17241379e-01	-7.57734028e-02
4.48275862e-01	5.86206897e-01	-3.89807212e-01
4.48275862e-01	6.55172414e-01	1.85258312e-01
4.48275862e-01	7.24137931e-01	-4.76559285e-01
4.48275862e-01	7.93103448e-01	-1.42082362e+00
4.48275862e-01	8.62068966e-01	-1.33576158e+00
4.48275862e-01	9.31034483e-01	-3.92030777e-01
4.48275862e-01	1.00000000e+00	9.91287199e-01
5.17241379e-01	-1.00000000e+00	-9.90455112e-01
5.17241379e-01	-9.31034483e-01	6.07252929e-01
5.17241379e-01	-8.62068966e-01	8.73812355e-01
5.17241379e-01	-7.93103448e-01	8.32202746e-01
5.17241379e-01	-7.24137931e-01	5.47467488e-01
5.17241379e-01	-6.55172414e-01	5.68144272e-01
5.17241379e-01	-5.86206897e-01	1.37801705e+00
5.17241379e-01	-5.17241379e-01	7.82245529e-01
5.17241379e-01	-4.48275862e-01	1.33652831e+00
5.17241379e-01	-3.79310345e-01	1.11183195e+00
5.17241379e-01	-3.10344828e-01	5.14597202e-01
5.17241379e-01	-2.41379310e-01	2.10067522e-01
5.17241379e-01	-1.72413793e-01	-4.38045310e-01
5.17241379e-01	-1.03448276e-01	-2.58744642e-01
5.17241379e-01	-3.44827586e-02	3.21620144e-01
5.17241379e-01	3.44827586e-02	1.85695970e-01
5.17241379e-01	1.03448276e-01	-3.51167324e-01
5.17241379e-01	1.72413793e-01	-9.12315691e-01
5.17241379e-01	2.41379310e-01	-8.89520156e-01
5.17241379e-01	3.10344828e-01	-9.21108947e-01
5.17241379e-01	3.79310345e-01	-4.47739026e-02
5.17241379e-01	4.48275862e-01	2.40436904e-01
5.17241379e-01	5.17241379e-01	5.48583343e-01
5.17241379e-01	5.86206897e-01	3.27530515e-01
5.17241379e-01	6.55172414e-01	5.02738493e-01
5.17241379e-01	7.24137931e-01	1.32795789e-01
5.17241379e-01	7.93103448e-01	-1.14805146e+00
5.17241379e-01	8.62068966e-01	-1.18870381e+00
5.17241379e-01	9.31034483e-01	-2.79510239e-01
5.17241379e-01	1.00000000e+00	9.01627287e-01
5.86206897e-01	-1.00000000e+00	-2.03952813e-01
5.86206897e-01	-9.31034483e-01	1.02537770e+00
5.86206897e-01	-8.62068966e-01	8.72921934e-01
5.86206897e-01	-7.93103448e-01	4.24958921e-01
5.86206897e-01	-7.24137931e-01	6.88728271e-01
5.86206897e-01	-6.55172414e-01	8.27602488e-01
5.86206897e-01	-5.86206897e-01	1.07541184e+00
5.86206897e-01	-5.17241379e-01	7.22942035e-01
5.86206897e-01	-4.48275862e-01	9.21059591e-01
5.86206897e-01	-3.79310345e-01	6.45666921e-01
5.86206897e-01	-3.10344828e-01	6.76496206e-01
5.86206897e-01	-2.41379310e-01	5.82419097e-01
5.86206897e-01	-1.72413793e-01	-6.32784372e-02
5.86206897e-01	-1.03448276e-01	-1.94722251e-01
5.86206897e-01	-3.44827586e-02	5.87879380e-01
5.86206897e-01	3.44827586e-02	9.15326847e-01
5.86206897e-01	1.03448276e-01	5.20281060e-01
5.86206897e-01	1.72413793e-01	-3.87854015e-01
5.86206897e-01	2.41379310e-01	-6.37736749e-01
5.86206897e-01	3.10344828e-01	-1.17120849e+00
5.86206897e-01	3.79310345e-01	-9.74703273e-01
5.86206897e-01	4.48275862e-01	-5.08428975e-01
5.86206897e-01	5.17241379e-01	-2.76754069e-01
5.86206897e-01	5.86206897e-01	-1.98976088e-01
5.86206897e-01	6.55172414e-01	5.39726061e-01
5.86206897e-01	7.24137931e-01	4.32320926e-01
5.86206897e-01	7.93103448e-01	-6.21917508e-02
5.86206897e-01	8.62068966e-01	2.20607370e-01
5.86206897e-01	9.31034483e-01	-3.01727913e-01
5.86206897e-01	1.00000000e+00	-2.90258096e-01
6.55172414e-01	-1.00000000e+00	-1.38932922e-01
6.55172414e-01	-9.31034483e-01	6.58923926e-01
6.55172414e-01	-8.62068966e-01	1.01435847e+00
6.55172414e-01	-7.93103448e-01	1.06636496e-02
6.55172414e-01	-7.24137931e-01	-1.93132004e-01
6.55172414e-01	-6.55172414e-01	8.04811159e-01
6.55172414e-01	-5.86206897e-01	9.38698536e-01
6.55172414e-01	-5.17241379e-01	5.84956033e-02
6.55172414e-01	-4.48275862e-01	-6.67850981e-01
6.55172414e-01	-3.79310345e-01	-5.47542642e-01
6.55172414e-01	-3.10344828e-01	1.37249008e-01
6.55172414e-01	-2.41379310e-01	6.47653765e-01
6.55172414e-01	-1.72413793e-01	7.17843687e-01
6.55172414e-01	-1.03448276e-01	5.97421413e-02
6.55172414e-01	-3.44827586e-02	8.56467377e-02
6.55172414e-01	3.44827586e-02	6.79299747e-01
6.55172414e-01	1.03448276e-01	7.23366883e-01
6.55172414e-01	1.72413793e-01	-2.21441939e-01
6.55172414e-01	2.41379310e-01	-6.66743937e-01
6.55172414e-01	3.10344828e-01	-1.42639683e+00
6.55172414e-01	3.79310345e-01	-1.11433400e+00
6.55172414e-01	4.48275862e-01	-8.70166062e-03
6.55172414e-01	5.17241379e-01	-1.20872897e-01
6.55172414e-01	5.86206897e-01	-3.28444190e-01
6.55172414e-01	6.55172414e-01	6.35792512e-02
6.55172414e-01	7.24137931e-01	-5.45470333e-01
6.55172414e-01	7.93103448e-01	-2.67566634e-01
6.55172414e-01	8.62068966e-01	2.25217720e-01
6.55172414e-01	9.31034483e-01	-5.62720068e-01
6.55172414e-01	1.00000000e+00	-3.72974066e-01
7.24137931e-01	-1.00000000e+00	-6.72062506e-01
7.24137931e-01	-9.31034483e-01	-9.27554137e-02
7.24137931e-01	-8.62068966e-01	7.12169454e-01
7.24137931e-01	-7.93103448e-01	1.38532790e-02
7.24137931e-01	-7.24137931e-01	-8.38225941e-01
7.24137931e-01	-6.55172414e-01	-9.24677399e-02
7.24137931e-01	-5.86206897e-01	7.39687522e-02
7.24137931e-01	-5.17241379e-01	9.90817523e-03
7.24137931e-01	-4.48275862e-01	4.33646224e-01
7.24137931e-01	-3.79310345e-01	6.79224699e-01
7.24137931e-01	-3.10344828e-01	4.89646019e-01
7.24137931e-01	-2.41379310e-01	1.08400519e+00
7.24137931e-01	-1.72413793e-01	1.09406573e+00
7.24137931e-01	-1.03448276e-01	5.46699344e-01
7.24137931e-01	-3.44827586e-02	9.58452046e-02
7.24137931e-01	3.44827586e-02	2.45480962e-01
7.24137931e-01	1.03448276e-01	6.35882357e-01
7.24137931e-01	1.72413793e-01	-4.16160507e-01
7.24137931e-01	2.41379310e-01	-7.13340435e-01
7.24137931e-01	3.10344828e-01	1.99898676e-01
7.24137931e-01	3.79310345e-01	3.63406651e-01
7.24137931e-01	4.48275862e-01	1.66651173e-02
7.24137931e-01	5.17241379e-01	-6.60072842e-01
7.24137931e-01	5.86206897e-01	-1.05809564e+00
7.24137931e-01	6.55172414e-01	-8.52763213e-01
7.24137931e-01	7.24137931e-01	-6.77298009e-01
7.24137931e-01	7.93103448e-01	1.05910859e-01
7.24137931e-01	8.62068966e-01	1.93655101e-01
7.24137931e-01	9.31034483e-01	-5.38830340e-01
7.24137931e-01	1.00000000e+00	-4.78247772e-01
7.93103448e-01	-1.00000000e+00	-1.60144151e+00
7.93103448e-01	-9.31034483e-01	-7.92515347e-01
7.93103448e-01	-8.62068966e-01	3.14866807e-01
7.93103448e-01	-7.93103448e-01	-1.86935895e-01
7.93103448e-01	-7.24137931e-01	-9.25989093e-01
7.93103448e-01	-6.55172414e-01	-5.04150662e-01
7.93103448e-01	-5.86206897e-01	-4.55661357e-01
7.93103448e-01	-5.17241379e-01	1.76303627e-01
7.93103448e-01	-4.48275862e-01	5.27919656e-01
7.93103448e-01	-3.79310345e-01	2.81588357e-01
7.93103448e-01	-3.10344828e-01	4.25912186e-01
7.93103448e-01	-2.41379310e-01	1.07464967e+00
7.93103448e-01	-1.72413793e-01	5.60265965e-01
7.93103448e-01	-1.03448276e-01	2.87649102e-01
7.93103448e-01	-3.44827586e-02	4.57580048e-01
7.93103448e-01	3.44827586e-02	4.04853279e-01
7.93103448e-01	1.03448276e-01	4.87924859e-01
7.93103448e-01	1.72413793e-01	2.28162553e-01
7.93103448e-01	2.41379310e-01	-2.01901323e-01
7.93103448e-01	3.10344828e-01	8.53645953e-01
7.93103448e-01	3.79310345e-01	7.04848956e-01
7.93103448e-01	4.48275862e-01	-1.97366006e-01
7.93103448e-01	5.17241379e-01	-7.89683207e-01
7.93103448e-01	5.86206897e-01	-1.32617278e+00
7.93103448e-01	6.55172414e-01	-9.09796197e-01
7.93103448e-01	7.24137931e-01	-1.70490812e-01
7.93103448e-01	7.93103448e-01	8.59046485e-01
7.93103448e-01	8.62068966e-01	1.32069994e-01
7.93103448e-01	9.31034483e-01	-7.51507126e-01
7.93103448e-01	1.00000000e+00	-9.03856753e-01
8.62068966e-01	-1.00000000e+00	-6.01572868e-01
8.62068966e-01	-9.31034483e-01	-1.95634847e-01
8.62068966e-01	-8.62068966e-01	5.85611165e-02
8.62068966e-01	-7.93103448e-01	-1.23280878e-01
8.62068966e-01	-7.24137931e-01	-6.28283503e-01
8.62068966e-01	-6.55172414e-01	-7.58733602e-01
8.62068966e-01	-5.86206897e-01	-5.20477409e-01
8.62068966e-01	-5.17241379e-01	-4.69389039e-01
8.62068966e-01	-4.48275862e-01	-1.98456210e-01
8.62068966e-01	-3.79310345e-01	-2.77046441e-01
8.62068966e-01	-3.10344828e-01	-3.56921769e-02
8.62068966e-01	-2.41379310e-01	6.75546717e-01
8.62068966e-01	-1.72413793e-01	5.78689927e-01
8.62068966e-01	-1.03448276e-01	4.25993746e-01
8.62068966e-01	-3.44827586e-02	5.40808814e-01
8.62068966e-01	3.44827586e-02	8.07732934e-01
8.62068966e-01	1.03448276e-01	7.68198369e-01
8.62068966e-01	1.72413793e-01	4.44750701e-01
8.62068966e-01	2.41379310e-01	-2.07102565e-01
8.62068966e-01	3.10344828e-01	3.59272734e-01
8.62068966e-01	3.79310345e-01	7.48779183e-01
8.62068966e-01	4.48275862e-01	4.58296651e-01
8.62068966e-01	5.17241379e-01	-1.51321820e-01
8.62068966e-01	5.86206897e-01	-5.14755849e-01
8.62068966e-01	6.55172414e-01	1.47230763e-01
8.62068966e-01	7.24137931e-01	1.02788586e+00
8.62068966e-01	7.93103448e-01	7.26704292e-01
8.62068966e-01	8.62068966e-01	-1.59889703e-01
8.62068966e-01	9.31034483e-01	-1.39578769e-01
8.62068966e-01	1.00000000e+00	-4.79569644e-01
9.31034483e-01	-1.00000000e+00	5.62229003e-01
9.31034483e-01	-9.31034483e-01	5.79838983e-01
9.31034483e-01	-8.62068966e-01	2.74470724e-02
9.31034483e-01	-7.93103448e-01	8.23068013e-01
9.31034483e-01	-7.24137931e-01	9.72215568e-01
9.31034483e-01	-6.55172414e-01	6.36556262e-02
9.31034483e-01	-5.86206897e-01	-2.13977838e-01
9.31034483e-01	-5.17241379e-01	-3.76565890e-01
9.31034483e-01	-4.48275862e-01	-2.84614012e-01
9.31034483e-01	-3.79310345e-01	-2.70284852e-01
9.31034483e-01	-3.10344828e-01	-4.53312816e-01
9.31034483e-01	-2.41379310e-01	-6.30716256e-01
9.31034483e-01	-1.72413793e-01	-4.63856210e-01
9.31034483e-01	-1.03448276e-01	8.99524113e-02
9.31034483e-01	-3.44827586e-02	7.44096261e-01
9.31034483e-01	3.44827586e-02	3.97704240e-01
9.31034483e-01	1.03448276e-01	4.97061059e-01
9.31034483e-01	1.72413793e-01	2.71684740e-01
9.31034483e-01	2.41379310e-01	-6.22104550e-01
9.31034483e-01	3.10344828e-01	-2.98218321e-01
9.31034483e-01	3.79310345e-01	7.73219009e-01
9.31034483e-01	4.48275862e-01	5.27879756e-01
9.31034483e-01	5.17241379e-01	1.53235765e-02
9.31034483e-01	5.86206897e-01	8.11267637e-02
9.31034483e-01	6.55172414e-01	-9.43916499e-02
9.31034483e-01	7.24137931e-01	4.27993805e-01
9.31034483e-01	7.93103448e-01	2.60809946e-01
9.31034483e-01	8.62068966e-01	1.75263988e-01
9.31034483e-01	9.31034483e-01	1.01331956e+00
9.31034483e-01	1.00000000e+00	2.39677110e-01
1.00000000e+00	-1.00000000e+00	-2.64508636e-02
1.00000000e+00	-9.31034483e-01	4.56438678e-01
1.00000000e+00	-8.62068966e-01	-1.83270929e-01
1.00000000e+00	-7.93103448e-01	6.86862714e-01
1.00000000e+00	-7.24137931e-01	1.63128437e+00
1.00000000e+00	-6.55172414e-01	1.27350813e+00
1.00000000e+00	-5.86206897e-01	4.65327812e-01
1.00000000e+00	-5.17241379e-01	-4.46479359e-01
1.00000000e+00	-4.48275862e-01	-1.33995715e+00
1.00000000e+00	-3.79310345e-01	-9.26030357e-01
1.00000000e+00	-3.10344828e-01	-9.51249974e-01
1.00000000e+00	-2.41379310e-01	-1.02505609e+00
1.00000000e+00	-1.72413793e-01	-1.13870359e+00
1.00000000e+00	-1.03448276e-01	-1.75910107e-01
1.00000000e+00	-3.44827586e-02	8.68353274e-01
1.00000000e+00	3.44827586e-02	4.02579814e-01
1.00000000e+00	1.03448276e-01	6.15260203e-01
1.00000000e+00	1.72413793e-01	7.89122390e-01
1.00000000e+00	2.41379310e-01	-3.58991270e-01
1.00000000e+00	3.10344828e-01	-6.25193341e-01
1.00000000e+00	3.79310345e-01	-3.38219747e-01
1.00000000e+00	4.48275862e-01	1.82627987e-01
1.00000000e+00	5.17241379e-01	4.81053492e-01
1.00000000e+00	5.86206897e-01	5.12721441e-01
1.00000000e+00	6.55172414e-01	-8.01216146e-02
1.00000000e+00	7.24137931e-01	-3.45436078e-01
1.00000000e+00	7.93103448e-01	3.86717836e-01
1.00000000e+00	8.62068966e-01	9.03092348e-01
1.00000000e+00	9.31034483e-01	5.93664999e-01
1.00000000e+00	1.00000000e+00	-2.94635766e-01
