-1.00000000e+00	-1.00000000e+00	-8.34736078e-01
-1.00000000e+00	-9.31034483e-01	-1.08402461e+00
-1.00000000e+00	-8.62068966e-01	-2.22258250e-01
-1.00000000e+00	-7.93103448e-01	5.68746192e-01
-1.00000000e+00	-7.24137931e-01	6.56683916e-01
-1.00000000e+00	-6.55172414e-01	-5.05530447e-01
-1.00000000e+00	-5.86206897e-01	-7.07370415e-01
-1.00000000e+00	-5.17241379e-01	-7.33565226e-01
-1.00000000e+00	-4.48275862e-01	-1.24955278e+00
-1.00000000e+00	-3.79310345e-01	-1.12377428e+00
-1.00000000e+00	-3.10344828e-01	-4.18037252e-01
-1.00000000e+00	-2.41379310e-01	-6.25000420e-01
-1.00000000e+00	-1.72413793e-01	-5.69023150e-01
-1.00000000e+00	-1.03448276e-01	-3.77579950e-01
-1.00000000e+00	-3.44827586e-02	-2.79766938e-01
-1.00000000e+00	3.44827586e-02	-4.18800055e-01
-1.00000000e+00	1.03448276e-01	-3.25144778e-01
-1.00000000e+00	1.72413793e-01	-8.18488179e-01
-1.00000000e+00	2.41379310e-01	-1.01425874e+00
-1.00000000e+00	3.10344828e-01	-1.41437032e-01
-1.00000000e+00	3.79310345e-01	-8.08888986e-01
-1.00000000e+00	4.48275862e-01	-1.29214151e+00
-1.00000000e+00	5.17241379e-01	-4.01293532e-01
-1.00000000e+00	5.86206897e-01	5.56682958e-01
-1.00000000e+00	6.55172414e-01	-3.66163523e-01
-1.00000000e+00	7.24137931e-01	-8.00074022e-01
-1.00000000e+00	7.93103448e-01	1.24329645e-01
-1.00000000e+00	8.62068966e-01	-9.66953557e-02
-1.00000000e+00	9.31034483e-01	-5.55116481e-02
-1.00000000e+00	1.00000000e+00	2.48386039e-01
-9.31034483e-01	-1.00000000e+00	-6.97977141e-01
-9.31034483e-01	-9.31034483e-01	-1.06521605e+00
-9.31034483e-01	-8.62068966e-01	-1.91482075e-01
-9.31034483e-01	-7.93103448e-01	6.51682463e-01
-9.31034483e-01	-7.24137931e-01	6.86936923e-01
-9.31034483e-01	-6.55172414e-01	-4.61032127e-01
-9.31034483e-01	-5.86206897e-01	-6.15492886e-01
-9.31034483e-01	-5.17241379e-01	-6.70874388e-01
-9.31034483e-01	-4.48275862e-01	-1.32030578e+00
-9.31034483e-01	-3.79310345e-01	-1.28107611e+00
-9.31034483e-01	-3.10344828e-01	-4.28648324e-01
-9.31034483e-01	-2.41379310e-01	-5.34070081e-01
-9.31034483e-01	-1.72413793e-01	-5.34807644e-01
-9.31034483e-01	-1.03448276e-01	-4.11385494e-01
-9.31034483e-01	-3.44827586e-02	-2.43044987e-01
-9.31034483e-01	3.44827586e-02	-4.11475592e-01
-9.31034483e-01	1.03448276e-01	-3.14535304e-01
-9.31034483e-01	1.72413793e-01	-8.20804764e-01
-9.31034483e-01	2.41379310e-01	-9.44470366e-01
-9.31034483e-01	3.10344828e-01	-1.08166121e-01
-9.31034483e-01	3.79310345e-01	-8.89699643e-01
-9.31034483e-01	4.48275862e-01	-1.26795780e+00
-9.31034483e-01	5.17241379e-01	-3.43201082e-01
-9.31034483e-01	5.86206897e-01	5.76831712e-01
-9.31034483e-01	6.55172414e-01	-4.30369598e-01
-9.31034483e-01	7.24137931e-01	-8.74270744e-01
-9.31034483e-01	7.93103448e-01	9.86156745e-02
-9.31034483e-01	8.62068966e-01	-1.59216863e-01
-9.31034483e-01	9.31034483e-01	-8.88704520e-02
-9.31034483e-01	1.00000000e+00	3.08397551e-01
-8.62068966e-01	-1.00000000e+00	-5.55621679e-01
-8.62068966e-01	-9.31034483e-01	-1.03156435e+00
-8.62068966e-01	-8.62068966e-01	-1.57292237e-01
-8.62068966e-01	-7.93103448e-01	7.39704043e-01
-8.62068966e-01	-7.24137931e-01	7.28675390e-01
-8.62068966e-01	-6.55172414e-01	-4.04897175e-01
-8.62068966e-01	-5.86206897e-01	-5.19231196e-01
-8.62068966e-01	-5.17241379e-01	-6.03264533e-01
-8.62068966e-01	-4.48275862e-01	-1.36793193e+00
-8.62068966e-01	-3.79310345e-01	-1.40736199e+00
-8.62068966e-01	-3.10344828e-01	-4.30908782e-01
-8.62068966e-01	-2.41379310e-01	-4.40039666e-01
-8.62068966e-01	-1.72413793e-01	-5.01736750e-01
-8.62068966e-01	-1.03448276e-01	-4.39855253e-01
-8.62068966e-01	-3.44827586e-02	-2.01135046e-01
-8.62068966e-01	3.44827586e-02	-4.01991954e-01
-8.62068966e-01	1.03448276e-01	-2.87254602e-01
-8.62068966e-01	1.72413793e-01	-7.96258118e-01
-8.62068966e-01	2.41379310e-01	-8.62987318e-01
-8.62068966e-01	3.10344828e-01	-7.62154993e-02
-8.62068966e-01	3.79310345e-01	-9.70351663e-01
-8.62068966e-01	4.48275862e-01	-1.23864667e+00
-8.62068966e-01	5.17241379e-01	-2.78582687e-01
-8.62068966e-01	5.86206897e-01	5.89307091e-01
-8.62068966e-01	6.55172414e-01	-4.84474163e-01
-8.62068966e-01	7.24137931e-01	-9.24813041e-01
-8.62068966e-01	7.93103448e-01	8.87596642e-02
-8.62068966e-01	8.62068966e-01	-2.02032819e-01
-8.62068966e-01	9.31034483e-01	-1.04742179e-01
-8.62068966e-01	1.00000000e+00	3.81186412e-01
-7.93103448e-01	-1.00000000e+00	-4.12188497e-01
-7.93103448e-01	-9.31034483e-01	-9.85639241e-01
-7.93103448e-01	-8.62068966e-01	-1.20580852e-01
-7.93103448e-01	-7.93103448e-01	8.30227609e-01
-7.93103448e-01	-7.24137931e-01	7.80420595e-01
-7.93103448e-01	-6.55172414e-01	-3.37621581e-01
-7.93103448e-01	-5.86206897e-01	-4.19376253e-01
-7.93103448e-01	-5.17241379e-01	-5.30871614e-01
-7.93103448e-01	-4.48275862e-01	-1.39302602e+00
-7.93103448e-01	-3.79310345e-01	-1.50020964e+00
-7.93103448e-01	-3.10344828e-01	-4.23717866e-01
-7.93103448e-01	-2.41379310e-01	-3.44463904e-01
-7.93103448e-01	-1.72413793e-01	-4.70985163e-01
-7.93103448e-01	-1.03448276e-01	-4.65096729e-01
-7.93103448e-01	-3.44827586e-02	-1.57423551e-01
-7.93103448e-01	3.44827586e-02	-3.91384077e-01
-7.93103448e-01	1.03448276e-01	-2.44757975e-01
-7.93103448e-01	1.72413793e-01	-7.45948460e-01
-7.93103448e-01	2.41379310e-01	-7.71736861e-01
-7.93103448e-01	3.10344828e-01	-4.50531218e-02
-7.93103448e-01	3.79310345e-01	-1.04686941e+00
-7.93103448e-01	4.48275862e-01	-1.20247197e+00
-7.93103448e-01	5.17241379e-01	-2.11191955e-01
-7.93103448e-01	5.86206897e-01	5.91050952e-01
-7.93103448e-01	6.55172414e-01	-5.27347458e-01
-7.93103448e-01	7.24137931e-01	-9.48011351e-01
-7.93103448e-01	7.93103448e-01	9.74640774e-02
-7.93103448e-01	8.62068966e-01	-2.24901265e-01
-7.93103448e-01	9.31034483e-01	-1.03398074e-01
-7.93103448e-01	1.00000000e+00	4.66210975e-01
-7.24137931e-01	-1.00000000e+00	-2.72128819e-01
-7.24137931e-01	-9.31034483e-01	-9.30438074e-01
-7.24137931e-01	-8.62068966e-01	-8.23105730e-02
-7.24137931e-01	-7.93103448e-01	9.20173450e-01
-7.24137931e-01	-7.24137931e-01	8.39803763e-01
-7.24137931e-01	-6.55172414e-01	-2.60015171e-01
-7.24137931e-01	-5.86206897e-01	-3.16281839e-01
-7.24137931e-01	-5.17241379e-01	-4.53852304e-01
-7.24137931e-01	-4.48275862e-01	-1.39729365e+00
-7.24137931e-01	-3.79310345e-01	-1.55896386e+00
-7.24137931e-01	-3.10344828e-01	-4.06744414e-01
-7.24137931e-01	-2.41379310e-01	-2.49287942e-01
-7.24137931e-01	-1.72413793e-01	-4.43361136e-01
-7.24137931e-01	-1.03448276e-01	-4.89216277e-01
-7.24137931e-01	-3.44827586e-02	-1.15338554e-01
-7.24137931e-01	3.44827586e-02	-3.80448713e-01
-7.24137931e-01	1.03448276e-01	-1.89158979e-01
-7.24137931e-01	1.72413793e-01	-6.72301190e-01
-7.24137931e-01	2.41379310e-01	-6.72922081e-01
-7.24137931e-01	3.10344828e-01	-1.42826212e-02
-7.24137931e-01	3.79310345e-01	-1.11493578e+00
-7.24137931e-01	4.48275862e-01	-1.15723634e+00
-7.24137931e-01	5.17241379e-01	-1.44425597e-01
-7.24137931e-01	5.86206897e-01	5.79754050e-01
-7.24137931e-01	6.55172414e-01	-5.58292156e-01
-7.24137931e-01	7.24137931e-01	-9.41394868e-01
-7.24137931e-01	7.93103448e-01	1.25783480e-01
-7.24137931e-01	8.62068966e-01	-2.29216922e-01
-7.24137931e-01	9.31034483e-01	-8.58278386e-02
-7.24137931e-01	1.00000000e+00	5.62345757e-01
-6.55172414e-01	-1.00000000e+00	-1.39593670e-01
-6.55172414e-01	-9.31034483e-01	-8.69141961e-01
-6.55172414e-01	-8.62068966e-01	-4.34353349e-02
-6.55172414e-01	-7.93103448e-01	1.00626440e+00
-6.55172414e-01	-7.24137931e-01	9.03974629e-01
-6.55172414e-01	-6.55172414e-01	-1.73053076e-01
-6.55172414e-01	-5.86206897e-01	-2.09905505e-01
-6.55172414e-01	-5.17241379e-01	-3.72542781e-01
-6.55172414e-01	-4.48275862e-01	-1.38338173e+00
-6.55172414e-01	-3.79310345e-01	-1.58463662e+00
-6.55172414e-01	-3.10344828e-01	-3.80477415e-01
-6.55172414e-01	-2.41379310e-01	-1.56778054e-01
-6.55172414e-01	-1.72413793e-01	-4.19235222e-01
-6.55172414e-01	-1.03448276e-01	-5.14087578e-01
-6.55172414e-01	-3.44827586e-02	-7.81268939e-02
-6.55172414e-01	3.44827586e-02	-3.69774677e-01
-6.55172414e-01	1.03448276e-01	-1.23171901e-01
-6.55172414e-01	1.72413793e-01	-5.79059435e-01
-6.55172414e-01	2.41379310e-01	-5.69053468e-01
-6.55172414e-01	3.10344828e-01	1.62252001e-02
-6.55172414e-01	3.79310345e-01	-1.17036228e+00
-6.55172414e-01	4.48275862e-01	-1.10062773e+00
-6.55172414e-01	5.17241379e-01	-8.09794851e-02
-6.55172414e-01	5.86206897e-01	5.54211078e-01
-6.55172414e-01	6.55172414e-01	-5.76949404e-01
-6.55172414e-01	7.24137931e-01	-9.03935561e-01
-6.55172414e-01	7.93103448e-01	1.72984657e-01
-6.55172414e-01	8.62068966e-01	-2.17745648e-01
-6.55172414e-01	9.31034483e-01	-5.37133985e-02
-6.55172414e-01	1.00000000e+00	6.67743026e-01
-5.86206897e-01	-1.00000000e+00	-1.82087660e-02
-5.86206897e-01	-9.31034483e-01	-8.04838936e-01
-5.86206897e-01	-8.62068966e-01	-4.83372392e-03
-5.86206897e-01	-7.93103448e-01	1.08532210e+00
-5.86206897e-01	-7.24137931e-01	9.70017540e-01
-5.86206897e-01	-6.55172414e-01	-7.77441504e-02
-5.86206897e-01	-5.86206897e-01	-9.98902625e-02
-5.86206897e-01	-5.17241379e-01	-2.87594191e-01
-5.86206897e-01	-4.48275862e-01	-1.35462834e+00
-5.86206897e-01	-3.79310345e-01	-1.57967756e+00
-5.86206897e-01	-3.10344828e-01	-3.46185559e-01
-5.86206897e-01	-2.41379310e-01	-6.93718917e-02
-5.86206897e-01	-1.72413793e-01	-3.98495204e-01
-5.86206897e-01	-1.03448276e-01	-5.41171539e-01
-5.86206897e-01	-3.44827586e-02	-4.86775186e-02
-5.86206897e-01	3.44827586e-02	-3.59807678e-01
-5.86206897e-01	1.03448276e-01	-4.99859220e-02
-5.86206897e-01	1.72413793e-01	-4.71136028e-01
-5.86206897e-01	2.41379310e-01	-4.62949349e-01
-5.86206897e-01	3.10344828e-01	4.62435013e-02
-5.86206897e-01	3.79310345e-01	-1.20956266e+00
-5.86206897e-01	4.48275862e-01	-1.03060689e+00
-5.86206897e-01	5.17241379e-01	-2.26191957e-02
-5.86206897e-01	5.86206897e-01	5.14522940e-01
-5.86206897e-01	6.55172414e-01	-5.83237406e-01
-5.86206897e-01	7.24137931e-01	-8.36205611e-01
-5.86206897e-01	7.93103448e-01	2.36572197e-01
-5.86206897e-01	8.62068966e-01	-1.94239343e-01
-5.86206897e-01	9.31034483e-01	-9.36807841e-03
-5.86206897e-01	1.00000000e+00	7.79736424e-01
-5.17241379e-01	-1.00000000e+00	8.91139716e-02
-5.17241379e-01	-9.31034483e-01	-7.40253907e-01
-5.17241379e-01	-8.62068966e-01	3.27315165e-02
-5.17241379e-01	-7.93103448e-01	1.15452687e+00
-5.17241379e-01	-7.24137931e-01	1.03531482e+00
-5.17241379e-01	-6.55172414e-01	2.49584061e-02
-5.17241379e-01	-5.86206897e-01	1.43114138e-02
-5.17241379e-01	-5.17241379e-01	-2.00054668e-01
-5.17241379e-01	-4.48275862e-01	-1.31475482e+00
-5.17241379e-01	-3.79310345e-01	-1.54764606e+00
-5.17241379e-01	-3.10344828e-01	-3.05781640e-01
-5.17241379e-01	-2.41379310e-01	1.05294727e-02
-5.17241379e-01	-1.72413793e-01	-3.80535454e-01
-5.17241379e-01	-1.03448276e-01	-5.71406843e-01
-5.17241379e-01	-3.44827586e-02	-2.94049465e-02
-5.17241379e-01	3.44827586e-02	-3.50936442e-01
-5.17241379e-01	1.03448276e-01	2.69170760e-02
-5.17241379e-01	1.72413793e-01	-3.54330589e-01
-5.17241379e-01	2.41379310e-01	-3.57688124e-01
-5.17241379e-01	3.10344828e-01	7.51591460e-02
-5.17241379e-01	3.79310345e-01	-1.22996973e+00
-5.17241379e-01	4.48275862e-01	-9.45786575e-01
-5.17241379e-01	5.17241379e-01	2.99076429e-02
-5.17241379e-01	5.86206897e-01	4.62123859e-01
-5.17241379e-01	6.55172414e-01	-5.77333383e-01
-5.17241379e-01	7.24137931e-01	-7.40449075e-01
-5.17241379e-01	7.93103448e-01	3.12470876e-01
-5.17241379e-01	8.62068966e-01	-1.62984585e-01
-5.17241379e-01	9.31034483e-01	4.43643482e-02
-5.17241379e-01	1.00000000e+00	8.94818864e-01
-4.48275862e-01	-1.00000000e+00	1.80302589e-01
-4.48275862e-01	-9.31034483e-01	-6.77524946e-01
-4.48275862e-01	-8.62068966e-01	6.86257379e-02
-4.48275862e-01	-7.93103448e-01	1.21161582e+00
-4.48275862e-01	-7.24137931e-01	1.09781362e+00
-4.48275862e-01	-6.55172414e-01	1.34192491e-01
-4.48275862e-01	-5.86206897e-01	1.33285701e-01
-4.48275862e-01	-5.17241379e-01	-1.11386074e-01
-4.48275862e-01	-4.48275862e-01	-1.26752933e+00
-4.48275862e-01	-3.79310345e-01	-1.49281895e+00
-4.48275862e-01	-3.10344828e-01	-2.61605870e-01
-4.48275862e-01	-2.41379310e-01	8.08031969e-02
-4.48275862e-01	-1.72413793e-01	-3.64290186e-01
-4.48275862e-01	-1.03448276e-01	-6.05174884e-01
-4.48275862e-01	-3.44827586e-02	-2.21894691e-02
-4.48275862e-01	3.44827586e-02	-3.43580641e-01
-4.48275862e-01	1.03448276e-01	1.03978955e-01
-4.48275862e-01	1.72413793e-01	-2.34936034e-01
-4.48275862e-01	2.41379310e-01	-2.56506869e-01
-4.48275862e-01	3.10344828e-01	1.02008425e-01
-4.48275862e-01	3.79310345e-01	-1.23034367e+00
-4.48275862e-01	4.48275862e-01	-8.45754069e-01
-4.48275862e-01	5.17241379e-01	7.68136426e-02
-4.48275862e-01	5.86206897e-01	3.99633257e-01
-4.48275862e-01	6.55172414e-01	-5.59696551e-01
-4.48275862e-01	7.24137931e-01	-6.20555550e-01
-4.48275862e-01	7.93103448e-01	3.95346410e-01
-4.48275862e-01	8.62068966e-01	-1.28338964e-01
-4.48275862e-01	9.31034483e-01	1.04248758e-01
-4.48275862e-01	1.00000000e+00	1.00871940e+00
-3.79310345e-01	-1.00000000e+00	2.54176231e-01
-3.79310345e-01	-9.31034483e-01	-6.18054582e-01
-3.79310345e-01	-8.62068966e-01	1.02331242e-01
-3.79310345e-01	-7.93103448e-01	1.25500449e+00
-3.79310345e-01	-7.24137931e-01	1.15616701e+00
-3.79310345e-01	-6.55172414e-01	2.49166666e-01
-3.79310345e-01	-5.86206897e-01	2.57492536e-01
-3.79310345e-01	-5.17241379e-01	-2.34049384e-02
-3.79310345e-01	-4.48275862e-01	-1.21643398e+00
-3.79310345e-01	-3.79310345e-01	-1.41977520e+00
-3.79310345e-01	-3.10344828e-01	-2.16144373e-01
-3.79310345e-01	-2.41379310e-01	1.39842412e-01
-3.79310345e-01	-1.72413793e-01	-3.48312548e-01
-3.79310345e-01	-1.03448276e-01	-6.42333693e-01
-3.79310345e-01	-3.44827586e-02	-2.83608020e-02
-3.79310345e-01	3.44827586e-02	-3.38260312e-01
-3.79310345e-01	1.03448276e-01	1.77792338e-01
-3.79310345e-01	1.72413793e-01	-1.19277955e-01
-3.79310345e-01	2.41379310e-01	-1.62647599e-01
-3.79310345e-01	3.10344828e-01	1.25573251e-01
-3.79310345e-01	3.79310345e-01	-1.21093181e+00
-3.79310345e-01	4.48275862e-01	-7.31294341e-01
-3.79310345e-01	5.17241379e-01	1.19085938e-01
-3.79310345e-01	5.86206897e-01	3.30557396e-01
-3.79310345e-01	6.55172414e-01	-5.31116726e-01
-3.79310345e-01	7.24137931e-01	-4.81924782e-01
-3.79310345e-01	7.93103448e-01	4.79028976e-01
-3.79310345e-01	8.62068966e-01	-9.43092500e-02
-3.79310345e-01	9.31034483e-01	1.66832764e-01
-3.79310345e-01	1.00000000e+00	1.11659417e+00
-3.10344828e-01	-1.00000000e+00	3.10416436e-01
-3.10344828e-01	-9.31034483e-01	-5.62454065e-01
-3.10344828e-01	-8.62068966e-01	1.33419690e-01
-3.10344828e-01	-7.93103448e-01	1.28383410e+00
-3.10344828e-01	-7.24137931e-01	1.20974833e+00
-3.10344828e-01	-6.55172414e-01	3.69091557e-01
-3.10344828e-01	-5.86206897e-01	3.87098390e-01
-3.10344828e-01	-5.17241379e-01	6.18448397e-02
-3.10344828e-01	-4.48275862e-01	-1.16436687e+00
-3.10344828e-01	-3.79310345e-01	-1.33299720e+00
-3.10344828e-01	-3.10344828e-01	-1.71714450e-01
-3.10344828e-01	-2.41379310e-01	1.86757687e-01
-3.10344828e-01	-1.72413793e-01	-3.30896319e-01
-3.10344828e-01	-1.03448276e-01	-6.82300378e-01
-3.10344828e-01	-3.44827586e-02	-4.87066766e-02
-3.10344828e-01	3.44827586e-02	-3.35626523e-01
-3.10344828e-01	1.03448276e-01	2.45313108e-01
-3.10344828e-01	1.72413793e-01	-1.32375651e-02
-3.10344828e-01	2.41379310e-01	-7.91715237e-02
-3.10344828e-01	3.10344828e-01	1.44527508e-01
-3.10344828e-01	3.79310345e-01	-1.17346225e+00
-3.10344828e-01	4.48275862e-01	-6.04486160e-01
-3.10344828e-01	5.17241379e-01	1.58203688e-01
-3.10344828e-01	5.86206897e-01	2.58887636e-01
-3.10344828e-01	6.55172414e-01	-4.92767275e-01
-3.10344828e-01	7.24137931e-01	-3.31225240e-01
-3.10344828e-01	7.93103448e-01	5.56998149e-01
-3.10344828e-01	8.62068966e-01	-6.42143192e-02
-3.10344828e-01	9.31034483e-01	2.28648647e-01
-3.10344828e-01	1.00000000e+00	1.21332791e+00
-2.41379310e-01	-1.00000000e+00	3.49472804e-01
-2.41379310e-01	-9.31034483e-01	-5.10584907e-01
-2.41379310e-01	-8.62068966e-01	1.61526303e-01
-2.41379310e-01	-7.93103448e-01	1.29795638e+00
-2.41379310e-01	-7.24137931e-01	1.25855415e+00
-2.41379310e-01	-6.55172414e-01	4.93082050e-01
-2.41379310e-01	-5.86206897e-01	5.21829114e-01
-2.41379310e-01	-5.17241379e-01	1.42266994e-01
-2.41379310e-01	-4.48275862e-01	-1.11340956e+00
-2.41379310e-01	-3.79310345e-01	-1.23652402e+00
-2.41379310e-01	-3.10344828e-01	-1.30151796e-01
-2.41379310e-01	-2.41379310e-01	2.21511272e-01
-2.41379310e-01	-1.72413793e-01	-3.10232241e-01
-2.41379310e-01	-1.03448276e-01	-7.24158647e-01
-2.41379310e-01	-3.44827586e-02	-8.34870994e-02
-2.41379310e-01	3.44827586e-02	-3.36438502e-01
-2.41379310e-01	1.03448276e-01	3.04038103e-01
-2.41379310e-01	1.72413793e-01	7.81839133e-02
-2.41379310e-01	2.41379310e-01	-8.75967730e-03
-2.41379310e-01	3.10344828e-01	1.57611398e-01
-2.41379310e-01	3.79310345e-01	-1.12097331e+00
-2.41379310e-01	4.48275862e-01	-4.68657972e-01
-2.41379310e-01	5.17241379e-01	1.95805077e-01
-2.41379310e-01	5.86206897e-01	1.88651435e-01
-2.41379310e-01	6.55172414e-01	-4.46240688e-01
-2.41379310e-01	7.24137931e-01	-1.76048250e-01
-2.41379310e-01	7.93103448e-01	6.22885870e-01
-2.41379310e-01	8.62068966e-01	-4.04625253e-02
-2.41379310e-01	9.31034483e-01	2.86430293e-01
-2.41379310e-01	1.00000000e+00	1.29392853e+00
-1.72413793e-01	-1.00000000e+00	3.72425125e-01
-1.72413793e-01	-9.31034483e-01	-4.61682317e-01
-1.72413793e-01	-8.62068966e-01	1.86335232e-01
-1.72413793e-01	-7.93103448e-01	1.29787335e+00
-1.72413793e-01	-7.24137931e-01	1.30302794e+00
-1.72413793e-01	-6.55172414e-01	6.20051330e-01
-1.72413793e-01	-5.86206897e-01	6.60853554e-01
-1.72413793e-01	-5.17241379e-01	2.15911886e-01
-1.72413793e-01	-4.48275862e-01	-1.06468110e+00
-1.72413793e-01	-3.79310345e-01	-1.13368734e+00
-1.72413793e-01	-3.10344828e-01	-9.25398949e-02
-1.72413793e-01	-2.41379310e-01	2.44962513e-01
-1.72413793e-01	-1.72413793e-01	-2.84585374e-01
-1.72413793e-01	-1.03448276e-01	-7.66767796e-01
-1.72413793e-01	-3.44827586e-02	-1.32435029e-01
-1.72413793e-01	3.44827586e-02	-3.41483920e-01
-1.72413793e-01	1.03448276e-01	3.52131851e-01
-1.72413793e-01	1.72413793e-01	1.51211427e-01
-1.72413793e-01	2.41379310e-01	4.64687360e-02
-1.72413793e-01	3.10344828e-01	1.63807460e-01
-1.72413793e-01	3.79310345e-01	-1.05750327e+00
-1.72413793e-01	4.48275862e-01	-3.28205819e-01
-1.72413793e-01	5.17241379e-01	2.33354194e-01
-1.72413793e-01	5.86206897e-01	1.23478447e-01
-1.72413793e-01	6.55172414e-01	-3.93542190e-01
-1.72413793e-01	7.24137931e-01	-2.44753177e-02
-1.72413793e-01	7.93103448e-01	6.70955151e-01
-1.72413793e-01	8.62068966e-01	-2.44553403e-02
-1.72413793e-01	9.31034483e-01	3.37328907e-01
-1.72413793e-01	1.00000000e+00	1.35397888e+00
-1.03448276e-01	-1.00000000e+00	3.80830542e-01
-1.03448276e-01	-9.31034483e-01	-4.14538777e-01
-1.03448276e-01	-8.62068966e-01	2.07588792e-01
-1.03448276e-01	-7.93103448e-01	1.28465499e+00
-1.03448276e-01	-7.24137931e-01	1.34384733e+00
-1.03448276e-01	-6.55172414e-01	7.48622417e-01
-1.03448276e-01	-5.86206897e-01	8.02714504e-01
-1.03448276e-01	-5.17241379e-01	2.81164103e-01
-1.03448276e-01	-4.48275862e-01	-1.01829611e+00
-1.03448276e-01	-3.79310345e-01	-1.02694986e+00
-1.03448276e-01	-3.10344828e-01	-5.90171666e-02
-1.03448276e-01	-2.41379310e-01	2.58816318e-01
-1.03448276e-01	-1.72413793e-01	-2.52476889e-01
-1.03448276e-01	-1.03448276e-01	-8.08854265e-01
-1.03448276e-01	-3.44827586e-02	-1.94739266e-01
-1.03448276e-01	3.44827586e-02	-3.51449904e-01
-1.03448276e-01	1.03448276e-01	3.88494943e-01
-1.03448276e-01	1.72413793e-01	2.03513361e-01
-1.03448276e-01	2.41379310e-01	8.50951179e-02
-1.03448276e-01	3.10344828e-01	1.62494396e-01
-1.03448276e-01	3.79310345e-01	-9.87681995e-01
-1.03448276e-01	4.48275862e-01	-1.88293344e-01
-1.03448276e-01	5.17241379e-01	2.71856859e-01
-1.03448276e-01	5.86206897e-01	6.62377677e-02
-1.03448276e-01	6.55172414e-01	-3.37029085e-01
-1.03448276e-01	7.24137931e-01	1.15416667e-01
-1.03448276e-01	7.93103448e-01	6.96517269e-01
-1.03448276e-01	8.62068966e-01	-1.66137621e-02
-1.03448276e-01	9.31034483e-01	3.79108124e-01
-1.03448276e-01	1.00000000e+00	1.39009446e+00
-3.44827586e-02	-1.00000000e+00	3.76585029e-01
-3.44827586e-02	-9.31034483e-01	-3.67715622e-01
-3.44827586e-02	-8.62068966e-01	2.25119415e-01
-3.44827586e-02	-7.93103448e-01	1.25985187e+00
-3.44827586e-02	-7.24137931e-01	1.38171536e+00
-3.44827586e-02	-6.55172414e-01	8.77077529e-01
-3.44827586e-02	-5.86206897e-01	9.45316545e-01
-3.44827586e-02	-5.17241379e-01	3.36892919e-01
-3.44827586e-02	-4.48275862e-01	-9.73429352e-01
-3.44827586e-02	-3.79310345e-01	-9.17856952e-01
-3.44827586e-02	-3.10344828e-01	-2.86940541e-02
-3.44827586e-02	-2.41379310e-01	2.65476748e-01
-3.44827586e-02	-1.72413793e-01	-2.12852210e-01
-3.44827586e-02	-1.03448276e-01	-8.49078094e-01
-3.44827586e-02	-3.44827586e-02	-2.69011855e-01
-3.44827586e-02	3.44827586e-02	-3.66761874e-01
-3.44827586e-02	1.03448276e-01	4.12770562e-01
-3.44827586e-02	1.72413793e-01	2.34270151e-01
-3.44827586e-02	2.41379310e-01	1.06481709e-01
-3.44827586e-02	3.10344828e-01	1.53558186e-01
-3.44827586e-02	3.79310345e-01	-9.16275691e-01
-3.44827586e-02	4.48275862e-01	-5.44661035e-02
-3.44827586e-02	5.17241379e-01	3.11665730e-01
-3.44827586e-02	5.86206897e-01	1.87899077e-02
-3.44827586e-02	6.55172414e-01	-2.79289227e-01
-3.44827586e-02	7.24137931e-01	2.36081963e-01
-3.44827586e-02	7.93103448e-01	6.96260328e-01
-3.44827586e-02	8.62068966e-01	-1.65083905e-02
-3.44827586e-02	9.31034483e-01	4.10297902e-01
-3.44827586e-02	1.00000000e+00	1.40033102e+00
3.44827586e-02	-1.00000000e+00	3.61817880e-01
3.44827586e-02	-9.31034483e-01	-3.19752360e-01
3.44827586e-02	-8.62068966e-01	2.38902287e-01
3.44827586e-02	-7.93103448e-01	1.22541536e+00
3.44827586e-02	-7.24137931e-01	1.41719393e+00
3.44827586e-02	-6.55172414e-01	1.00335907e+00
3.44827586e-02	-5.86206897e-01	1.08597474e+00
3.44827586e-02	-5.17241379e-01	3.82540452e-01
3.44827586e-02	-4.48275862e-01	-9.28480058e-01
3.44827586e-02	-3.79310345e-01	-8.07097569e-01
3.44827586e-02	-3.10344828e-01	3.05129904e-04
3.44827586e-02	-2.41379310e-01	2.67821389e-01
3.44827586e-02	-1.72413793e-01	-1.65221126e-01
3.44827586e-02	-1.03448276e-01	-8.86073872e-01
3.44827586e-02	-3.44827586e-02	-3.53254631e-01
3.44827586e-02	3.44827586e-02	-3.87418893e-01
3.44827586e-02	1.03448276e-01	4.25296141e-01
3.44827586e-02	1.72413793e-01	2.44091769e-01
3.44827586e-02	2.41379310e-01	1.10782100e-01
3.44827586e-02	3.10344828e-01	1.37445557e-01
3.44827586e-02	3.79310345e-01	-8.47737460e-01
3.44827586e-02	4.48275862e-01	6.77785599e-02
3.44827586e-02	5.17241379e-01	3.52397965e-01
3.44827586e-02	5.86206897e-01	-1.81180399e-02
3.44827586e-02	6.55172414e-01	-2.22964222e-01
3.44827586e-02	7.24137931e-01	3.31023663e-01
3.44827586e-02	7.93103448e-01	6.68466745e-01
3.44827586e-02	8.62068966e-01	-2.30640467e-02
3.44827586e-02	9.31034483e-01	4.30289618e-01
3.44827586e-02	1.00000000e+00	1.38448280e+00
1.03448276e-01	-1.00000000e+00	3.38831464e-01
1.03448276e-01	-9.31034483e-01	-2.69345621e-01
1.03448276e-01	-8.62068966e-01	2.49113846e-01
1.03448276e-01	-7.93103448e-01	1.18362750e+00
1.03448276e-01	-7.24137931e-01	1.45060224e+00
1.03448276e-01	-6.55172414e-01	1.12513052e+00
1.03448276e-01	-5.86206897e-01	1.22152628e+00
1.03448276e-01	-5.17241379e-01	4.18137170e-01
1.03448276e-01	-4.48275862e-01	-8.81316462e-01
1.03448276e-01	-3.79310345e-01	-6.94660453e-01
1.03448276e-01	-3.10344828e-01	3.06718404e-02
1.03448276e-01	-2.41379310e-01	2.68923499e-01
1.03448276e-01	-1.72413793e-01	-1.09754027e-01
1.03448276e-01	-1.03448276e-01	-9.18477204e-01
1.03448276e-01	-3.44827586e-02	-4.44845464e-01
1.03448276e-01	3.44827586e-02	-4.12855993e-01
1.03448276e-01	1.03448276e-01	4.27003152e-01
1.03448276e-01	1.72413793e-01	2.34803283e-01
1.03448276e-01	2.41379310e-01	9.88910491e-02
1.03448276e-01	3.10344828e-01	1.15162415e-01
1.03448276e-01	3.79310345e-01	-7.85813917e-01
1.03448276e-01	4.48275862e-01	1.73423738e-01
1.03448276e-01	5.17241379e-01	3.92976618e-01
1.03448276e-01	5.86206897e-01	-4.48097249e-02
1.03448276e-01	6.55172414e-01	-1.70532004e-01
1.03448276e-01	7.24137931e-01	3.95261109e-01
1.03448276e-01	7.93103448e-01	6.13112039e-01
1.03448276e-01	8.62068966e-01	-3.48023326e-02
1.03448276e-01	9.31034483e-01	4.39356272e-01
1.03448276e-01	1.00000000e+00	1.34422314e+00
1.72413793e-01	-1.00000000e+00	3.10080680e-01
1.72413793e-01	-9.31034483e-01	-2.15479518e-01
1.72413793e-01	-8.62068966e-01	2.56181370e-01
1.72413793e-01	-7.93103448e-01	1.13703650e+00
1.72413793e-01	-7.24137931e-01	1.48199101e+00
1.72413793e-01	-6.55172414e-01	1.23989239e+00
1.72413793e-01	-5.86206897e-01	1.34849799e+00
1.72413793e-01	-5.17241379e-01	4.44246756e-01
1.72413793e-01	-4.48275862e-01	-8.29574547e-01
1.72413793e-01	-3.79310345e-01	-5.80062638e-01
1.72413793e-01	-3.10344828e-01	6.56302707e-02
1.72413793e-01	-2.41379310e-01	2.71752129e-01
1.72413793e-01	-1.72413793e-01	-4.73258849e-02
1.72413793e-01	-1.03448276e-01	-9.44950286e-01
1.72413793e-01	-3.44827586e-02	-5.40566853e-01
1.72413793e-01	3.44827586e-02	-4.41865590e-01
1.72413793e-01	1.03448276e-01	4.19278792e-01
1.72413793e-01	1.72413793e-01	2.09127978e-01
1.72413793e-01	2.41379310e-01	7.23454517e-02
1.72413793e-01	3.10344828e-01	8.82189947e-02
1.72413793e-01	3.79310345e-01	-7.33245281e-01
1.72413793e-01	4.48275862e-01	2.58322058e-01
1.72413793e-01	5.17241379e-01	4.31784884e-01
1.72413793e-01	5.86206897e-01	-6.25026899e-02
1.72413793e-01	6.55172414e-01	-1.24072975e-01
1.72413793e-01	7.24137931e-01	4.25705152e-01
1.72413793e-01	7.93103448e-01	5.31844122e-01
1.72413793e-01	8.62068966e-01	-5.00863555e-02
1.72413793e-01	9.31034483e-01	4.38592092e-01
1.72413793e-01	1.00000000e+00	1.28305289e+00
2.41379310e-01	-1.00000000e+00	2.78175985e-01
2.41379310e-01	-9.31034483e-01	-1.57498653e-01
2.41379310e-01	-8.62068966e-01	2.60808480e-01
2.41379310e-01	-7.93103448e-01	1.08838754e+00
2.41379310e-01	-7.24137931e-01	1.51118667e+00
2.41379310e-01	-6.55172414e-01	1.34514276e+00
2.41379310e-01	-5.86206897e-01	1.46331901e+00
2.41379310e-01	-5.17241379e-01	4.61849588e-01
2.41379310e-01	-4.48275862e-01	-7.70974753e-01
2.41379310e-01	-3.79310345e-01	-4.62613250e-01
2.41379310e-01	-3.10344828e-01	1.08574250e-01
2.41379310e-01	-2.41379310e-01	2.78887193e-01
2.41379310e-01	-1.72413793e-01	2.04976761e-02
2.41379310e-01	-1.03448276e-01	-9.64218850e-01
2.41379310e-01	-3.44827586e-02	-6.36695443e-01
2.41379310e-01	3.44827586e-02	-4.72598818e-01
2.41379310e-01	1.03448276e-01	4.03799113e-01
2.41379310e-01	1.72413793e-01	1.70312193e-01
2.41379310e-01	2.41379310e-01	3.31978682e-02
2.41379310e-01	3.10344828e-01	5.85412987e-02
2.41379310e-01	3.79310345e-01	-6.91582979e-01
2.41379310e-01	4.48275862e-01	3.19506546e-01
2.41379310e-01	5.17241379e-01	4.66906960e-01
2.41379310e-01	5.86206897e-01	-7.30273777e-02
2.41379310e-01	6.55172414e-01	-8.50492219e-02
2.41379310e-01	7.24137931e-01	4.21404855e-01
2.41379310e-01	7.93103448e-01	4.27849099e-01
2.41379310e-01	8.62068966e-01	-6.73359300e-02
2.41379310e-01	9.31034483e-01	4.29772384e-01
2.41379310e-01	1.00000000e+00	1.20604876e+00
3.10344828e-01	-1.00000000e+00	2.45888784e-01
3.10344828e-01	-9.31034483e-01	-9.51251356e-02
3.10344828e-01	-8.62068966e-01	2.63962299e-01
3.10344828e-01	-7.93103448e-01	1.04053479e+00
3.10344828e-01	-7.24137931e-01	1.53788820e+00
3.10344828e-01	-6.55172414e-01	1.43856587e+00
3.10344828e-01	-5.86206897e-01	1.56256431e+00
3.10344828e-01	-5.17241379e-01	4.72191706e-01
3.10344828e-01	-4.48275862e-01	-7.03620986e-01
3.10344828e-01	-3.79310345e-01	-3.41683320e-01
3.10344828e-01	-3.10344828e-01	1.62664444e-01
3.10344828e-01	-2.41379310e-01	2.92278929e-01
3.10344828e-01	-1.72413793e-01	9.15328999e-02
3.10344828e-01	-1.03448276e-01	-9.75130165e-01
3.10344828e-01	-3.44827586e-02	-7.29159899e-01
3.10344828e-01	3.44827586e-02	-5.02661107e-01
3.10344828e-01	1.03448276e-01	3.82345108e-01
3.10344828e-01	1.72413793e-01	1.21735555e-01
3.10344828e-01	2.41379310e-01	-1.61153882e-02
3.10344828e-01	3.10344828e-01	2.83619549e-02
3.10344828e-01	3.79310345e-01	-6.61133145e-01
3.10344828e-01	4.48275862e-01	3.55395407e-01
3.10344828e-01	5.17241379e-01	4.96420559e-01
3.10344828e-01	5.86206897e-01	-7.84888369e-02
3.10344828e-01	6.55172414e-01	-5.41257419e-02
3.10344828e-01	7.24137931e-01	3.83638895e-01
3.10344828e-01	7.93103448e-01	3.05624020e-01
3.10344828e-01	8.62068966e-01	-8.51855682e-02
3.10344828e-01	9.31034483e-01	4.15146610e-01
3.10344828e-01	1.00000000e+00	1.11942880e+00
3.79310345e-01	-1.00000000e+00	2.16132334e-01
3.79310345e-01	-9.31034483e-01	-2.84303722e-02
3.79310345e-01	-8.62068966e-01	2.66818546e-01
3.79310345e-01	-7.93103448e-01	9.96328181e-01
3.79310345e-01	-7.24137931e-01	1.56179343e+00
3.79310345e-01	-6.55172414e-01	1.51822655e+00
3.79310345e-01	-5.86206897e-01	1.64320718e+00
3.79310345e-01	-5.17241379e-01	4.76619752e-01
3.79310345e-01	-4.48275862e-01	-6.26250377e-01
3.79310345e-01	-3.79310345e-01	-2.16942741e-01
3.79310345e-01	-3.10344828e-01	2.30434633e-01
3.79310345e-01	-2.41379310e-01	3.13078832e-01
3.79310345e-01	-1.72413793e-01	1.63104045e-01
3.79310345e-01	-1.03448276e-01	-9.76729931e-01
3.79310345e-01	-3.44827586e-02	-8.13765769e-01
3.79310345e-01	3.44827586e-02	-5.29300162e-01
3.79310345e-01	1.03448276e-01	3.56614994e-01
3.79310345e-01	1.72413793e-01	6.65503394e-02
3.79310345e-01	2.41379310e-01	-7.28972397e-02
3.79310345e-01	3.10344828e-01	1.06432395e-04
3.79310345e-01	3.79310345e-01	-6.41021542e-01
3.79310345e-01	4.48275862e-01	3.65873870e-01
3.79310345e-01	5.17241379e-01	5.18696383e-01
3.79310345e-01	5.86206897e-01	-8.09184362e-02
3.79310345e-01	6.55172414e-01	-3.10651332e-02
3.79310345e-01	7.24137931e-01	3.15835957e-01
3.79310345e-01	7.93103448e-01	1.70675502e-01
3.79310345e-01	8.62068966e-01	-1.02573500e-01
3.79310345e-01	9.31034483e-01	3.97184043e-01
3.79310345e-01	1.00000000e+00	1.02997839e+00
4.48275862e-01	-1.00000000e+00	1.91899796e-01
4.48275862e-01	-9.31034483e-01	4.22262143e-02
4.48275862e-01	-8.62068966e-01	2.70665083e-01
4.48275862e-01	-7.93103448e-01	9.58468421e-01
4.48275862e-01	-7.24137931e-01	1.58272629e+00
4.48275862e-01	-6.55172414e-01	1.58275126e+00
4.48275862e-01	-5.86206897e-01	1.70286139e+00
4.48275862e-01	-5.17241379e-01	4.76431309e-01
4.48275862e-01	-4.48275862e-01	-5.38404443e-01
4.48275862e-01	-3.79310345e-01	-8.85394394e-02
4.48275862e-01	-3.10344828e-01	3.13452324e-01
4.48275862e-01	-2.41379310e-01	3.41555329e-01
4.48275862e-01	-1.72413793e-01	2.32215107e-01
4.48275862e-01	-1.03448276e-01	-9.68350136e-01
4.48275862e-01	-3.44827586e-02	-8.86467536e-01
4.48275862e-01	3.44827586e-02	-5.49670288e-01
4.48275862e-01	1.03448276e-01	3.28045109e-01
4.48275862e-01	1.72413793e-01	7.38524686e-03
4.48275862e-01	2.41379310e-01	-1.34295019e-01
4.48275862e-01	3.10344828e-01	-2.37137465e-02
4.48275862e-01	3.79310345e-01	-6.29361056e-01
4.48275862e-01	4.48275862e-01	3.52252409e-01
4.48275862e-01	5.17241379e-01	5.32662121e-01
4.48275862e-01	5.86206897e-01	-8.19667981e-02
4.48275862e-01	6.55172414e-01	-1.47144779e-02
4.48275862e-01	7.24137931e-01	2.23327509e-01
4.48275862e-01	7.93103448e-01	2.91720309e-02
4.48275862e-01	8.62068966e-01	-1.18756646e-01
4.48275862e-01	9.31034483e-01	3.78300720e-01
4.48275862e-01	1.00000000e+00	9.44403142e-01
5.17241379e-01	-1.00000000e+00	1.76148475e-01
5.17241379e-01	-9.31034483e-01	1.16273740e-01
5.17241379e-01	-8.62068966e-01	2.76778372e-01
5.17241379e-01	-7.93103448e-01	9.29340109e-01
5.17241379e-01	-7.24137931e-01	1.60074410e+00
5.17241379e-01	-6.55172414e-01	1.63147605e+00
5.17241379e-01	-5.86206897e-01	1.73998845e+00
5.17241379e-01	-5.17241379e-01	4.72758900e-01
5.17241379e-01	-4.48275862e-01	-4.40506681e-01
5.17241379e-01	-3.79310345e-01	4.27984455e-02
5.17241379e-01	-3.10344828e-01	4.12069786e-01
5.17241379e-01	-2.41379310e-01	3.77097925e-01
5.17241379e-01	-1.72413793e-01	2.95752721e-01
5.17241379e-01	-1.03448276e-01	-9.49689337e-01
5.17241379e-01	-3.44827586e-02	-9.43661158e-01
5.17241379e-01	3.44827586e-02	-5.61144639e-01
5.17241379e-01	1.03448276e-01	2.97650241e-01
5.17241379e-01	1.72413793e-01	-5.38617271e-02
5.17241379e-01	2.41379310e-01	-1.97389818e-01
5.17241379e-01	3.10344828e-01	-4.05996186e-02
5.17241379e-01	3.79310345e-01	-6.23499292e-01
5.17241379e-01	4.48275862e-01	3.17107089e-01
5.17241379e-01	5.17241379e-01	5.37993823e-01
5.17241379e-01	5.86206897e-01	-8.26781435e-02
5.17241379e-01	6.55172414e-01	-3.09815555e-03
5.17241379e-01	7.24137931e-01	1.12948894e-01
5.17241379e-01	7.93103448e-01	-1.12420901e-01
5.17241379e-01	8.62068966e-01	-1.33259118e-01
5.17241379e-01	9.31034483e-01	3.60601461e-01
5.17241379e-01	1.00000000e+00	8.68684957e-01
5.86206897e-01	-1.00000000e+00	1.71634954e-01
5.86206897e-01	-9.31034483e-01	1.93007664e-01
5.86206897e-01	-8.62068966e-01	2.86285780e-01
5.86206897e-01	-7.93103448e-01	9.10833026e-01
5.86206897e-01	-7.24137931e-01	1.61620329e+00
5.86206897e-01	-6.55172414e-01	1.66454679e+00
5.86206897e-01	-5.86206897e-01	1.75405104e+00
5.86206897e-01	-5.17241379e-01	4.66500761e-01
5.86206897e-01	-4.48275862e-01	-3.33841830e-01
5.86206897e-01	-3.79310345e-01	1.75744175e-01
5.86206897e-01	-3.10344828e-01	5.25288855e-01
5.86206897e-01	-2.41379310e-01	4.18299516e-01
5.86206897e-01	-1.72413793e-01	3.50704513e-01
5.86206897e-01	-1.03448276e-01	-9.20867508e-01
5.86206897e-01	-3.44827586e-02	-9.82462880e-01
5.86206897e-01	3.44827586e-02	-5.61640022e-01
5.86206897e-01	1.03448276e-01	2.65900992e-01
5.86206897e-01	1.72413793e-01	-1.16124610e-01
5.86206897e-01	2.41379310e-01	-2.59277595e-01
5.86206897e-01	3.10344828e-01	-4.81587474e-02
5.86206897e-01	3.79310345e-01	-6.20315079e-01
5.86206897e-01	4.48275862e-01	2.64024395e-01
5.86206897e-01	5.17241379e-01	5.35207197e-01
5.86206897e-01	5.86206897e-01	-8.33728761e-02
5.86206897e-01	6.55172414e-01	6.38577736e-03
5.86206897e-01	7.24137931e-01	-7.47779542e-03
5.86206897e-01	7.93103448e-01	-2.47699120e-01
5.86206897e-01	8.62068966e-01	-1.45772359e-01
5.86206897e-01	9.31034483e-01	3.45664493e-01
5.86206897e-01	1.00000000e+00	8.07520411e-01
6.55172414e-01	-1.00000000e+00	1.80714136e-01
6.55172414e-01	-9.31034483e-01	2.71659205e-01
6.55172414e-01	-8.62068966e-01	3.00037330e-01
6.55172414e-01	-7.93103448e-01	9.04174935e-01
6.55172414e-01	-7.24137931e-01	1.62977845e+00
6.55172414e-01	-6.55172414e-01	1.68296035e+00
6.55172414e-01	-5.86206897e-01	1.74559310e+00
6.55172414e-01	-5.17241379e-01	4.58301584e-01
6.55172414e-01	-4.48275862e-01	-2.20441061e-01
6.55172414e-01	-3.79310345e-01	3.08433706e-01
6.55172414e-01	-3.10344828e-01	6.50747307e-01
6.55172414e-01	-2.41379310e-01	4.63097680e-01
6.55172414e-01	-1.72413793e-01	3.94372518e-01
6.55172414e-01	-1.03448276e-01	-8.82437903e-01
6.55172414e-01	-3.44827586e-02	-1.00093740e+00
6.55172414e-01	3.44827586e-02	-5.49911728e-01
6.55172414e-01	1.03448276e-01	2.32646371e-01
6.55172414e-01	1.72413793e-01	-1.79164634e-01
6.55172414e-01	2.41379310e-01	-3.17153539e-01
6.55172414e-01	3.10344828e-01	-4.41995928e-02
6.55172414e-01	3.79310345e-01	-6.16536020e-01
6.55172414e-01	4.48275862e-01	1.97276176e-01
6.55172414e-01	5.17241379e-01	5.25636558e-01
6.55172414e-01	5.86206897e-01	-8.36502868e-02
6.55172414e-01	6.55172414e-01	1.66823634e-02
6.55172414e-01	7.24137931e-01	-1.29735693e-01
6.55172414e-01	7.93103448e-01	-3.70646189e-01
6.55172414e-01	8.62068966e-01	-1.56029635e-01
6.55172414e-01	9.31034483e-01	3.34398750e-01
6.55172414e-01	1.00000000e+00	7.63911252e-01
7.24137931e-01	-1.00000000e+00	2.05131530e-01
7.24137931e-01	-9.31034483e-01	3.51447772e-01
7.24137931e-01	-8.62068966e-01	3.18502768e-01
7.24137931e-01	-7.93103448e-01	9.09796389e-01
7.24137931e-01	-7.24137931e-01	1.64243010e+00
7.24137931e-01	-6.55172414e-01	1.68854122e+00
7.24137931e-01	-5.86206897e-01	1.71623686e+00
7.24137931e-01	-5.17241379e-01	4.48579332e-01
7.24137931e-01	-4.48275862e-01	-1.02893454e-01
7.24137931e-01	-3.79310345e-01	4.38592335e-01
7.24137931e-01	-3.10344828e-01	7.84817610e-01
7.24137931e-01	-2.41379310e-01	5.08952452e-01
7.24137931e-01	-1.72413793e-01	4.24558995e-01
7.24137931e-01	-1.03448276e-01	-8.35345142e-01
7.24137931e-01	-3.44827586e-02	-9.98244546e-01
7.24137931e-01	3.44827586e-02	-5.25780353e-01
7.24137931e-01	1.03448276e-01	1.97095405e-01
7.24137931e-01	1.72413793e-01	-2.43465848e-01
7.24137931e-01	2.41379310e-01	-3.68410593e-01
7.24137931e-01	3.10344828e-01	-2.68355251e-02
7.24137931e-01	3.79310345e-01	-6.09047893e-01
7.24137931e-01	4.48275862e-01	1.21459731e-01
7.24137931e-01	5.17241379e-01	5.11304139e-01
7.24137931e-01	5.86206897e-01	-8.25029518e-02
7.24137931e-01	6.55172414e-01	3.07388786e-02
7.24137931e-01	7.24137931e-01	-2.45826980e-01
7.24137931e-01	7.93103448e-01	-4.75913509e-01
7.24137931e-01	8.62068966e-01	-1.63680607e-01
7.24137931e-01	9.31034483e-01	3.26989201e-01
7.24137931e-01	1.00000000e+00	7.38954190e-01
7.93103448e-01	-1.00000000e+00	2.45832739e-01
7.93103448e-01	-9.31034483e-01	4.31615219e-01
7.93103448e-01	-8.62068966e-01	3.41707515e-01
7.93103448e-01	-7.93103448e-01	9.27247390e-01
7.93103448e-01	-7.24137931e-01	1.65532845e+00
7.93103448e-01	-6.55172414e-01	1.68385286e+00
7.93103448e-01	-5.86206897e-01	1.66859071e+00
7.93103448e-01	-5.17241379e-01	4.37584707e-01
7.93103448e-01	-4.48275862e-01	1.58952185e-02
7.93103448e-01	-3.79310345e-01	5.63706818e-01
7.93103448e-01	-3.10344828e-01	9.22801106e-01
7.93103448e-01	-2.41379310e-01	5.53031017e-01
7.93103448e-01	-1.72413793e-01	4.39710079e-01
7.93103448e-01	-1.03448276e-01	-7.80830342e-01
7.93103448e-01	-3.44827586e-02	-9.74684393e-01
7.93103448e-01	3.44827586e-02	-4.90256672e-01
7.93103448e-01	1.03448276e-01	1.57864849e-01
7.93103448e-01	1.72413793e-01	-3.10046236e-01
7.93103448e-01	2.41379310e-01	-4.10755030e-01
7.93103448e-01	3.10344828e-01	5.39766673e-03
7.93103448e-01	3.79310345e-01	-5.95171195e-01
7.93103448e-01	4.48275862e-01	4.11357569e-02
7.93103448e-01	5.17241379e-01	4.94696248e-01
7.93103448e-01	5.86206897e-01	-7.85211328e-02
7.93103448e-01	6.55172414e-01	5.11459878e-02
7.93103448e-01	7.24137931e-01	-3.48555774e-01
7.93103448e-01	7.93103448e-01	-5.59043857e-01
7.93103448e-01	8.62068966e-01	-1.68194710e-01
7.93103448e-01	9.31034483e-01	3.22937381e-01
7.93103448e-01	1.00000000e+00	7.31852018e-01
8.62068966e-01	-1.00000000e+00	3.02822754e-01
8.62068966e-01	-9.31034483e-01	5.11439673e-01
8.62068966e-01	-8.62068966e-01	3.69213641e-01
8.62068966e-01	-7.93103448e-01	9.55178928e-01
8.62068966e-01	-7.24137931e-01	1.66974081e+00
8.62068966e-01	-6.55172414e-01	1.67204451e+00
8.62068966e-01	-5.86206897e-01	1.60607274e+00
8.62068966e-01	-5.17241379e-01	4.25480436e-01
8.62068966e-01	-4.48275862e-01	1.32965464e-01
8.62068966e-01	-3.79310345e-01	6.81219572e-01
8.62068966e-01	-3.10344828e-01	1.05918950e+00
8.62068966e-01	-2.41379310e-01	5.92379035e-01
8.62068966e-01	-1.72413793e-01	4.38993456e-01
8.62068966e-01	-1.03448276e-01	-7.20296201e-01
8.62068966e-01	-3.44827586e-02	-9.31632010e-01
8.62068966e-01	3.44827586e-02	-4.45543434e-01
8.62068966e-01	1.03448276e-01	1.13094448e-01
8.62068966e-01	1.72413793e-01	-3.80211949e-01
8.62068966e-01	2.41379310e-01	-4.42336176e-01
8.62068966e-01	3.10344828e-01	5.34157939e-02
8.62068966e-01	3.79310345e-01	-5.72884789e-01
8.62068966e-01	4.48275862e-01	-3.94994550e-02
8.62068966e-01	5.17241379e-01	4.78477056e-01
8.62068966e-01	5.86206897e-01	-7.01506125e-02
8.62068966e-01	6.55172414e-01	7.98074585e-02
8.62068966e-01	7.24137931e-01	-4.32026162e-01
8.62068966e-01	7.93103448e-01	-6.16636025e-01
8.62068966e-01	8.62068966e-01	-1.68811803e-01
8.62068966e-01	9.31034483e-01	3.21189482e-01
8.62068966e-01	1.00000000e+00	7.40136896e-01
9.31034483e-01	-1.00000000e+00	3.75092991e-01
9.31034483e-01	-9.31034483e-01	5.90232238e-01
9.31034483e-01	-8.62068966e-01	4.00142847e-01
9.31034483e-01	-7.93103448e-01	9.91392070e-01
9.31034483e-01	-7.24137931e-01	1.68689573e+00
9.31034483e-01	-6.55172414e-01	1.65664182e+00
9.31034483e-01	-5.86206897e-01	1.53266525e+00
9.31034483e-01	-5.17241379e-01	4.12423885e-01
9.31034483e-01	-4.48275862e-01	2.45558783e-01
9.31034483e-01	-3.79310345e-01	7.88719449e-01
9.31034483e-01	-3.10344828e-01	1.18796903e+00
9.31034483e-01	-2.41379310e-01	6.24063760e-01
9.31034483e-01	-1.72413793e-01	4.22309568e-01
9.31034483e-01	-1.03448276e-01	-6.55151854e-01
9.31034483e-01	-3.44827586e-02	-8.71369074e-01
9.31034483e-01	3.44827586e-02	-3.94904594e-01
9.31034483e-01	1.03448276e-01	6.06250542e-02
9.31034483e-01	1.72413793e-01	-4.55279187e-01
9.31034483e-01	2.41379310e-01	-4.61878085e-01
9.31034483e-01	3.10344828e-01	1.17461217e-01
9.31034483e-01	3.79310345e-01	-5.40980763e-01
9.31034483e-01	4.48275862e-01	-1.16882438e-01
9.31034483e-01	5.17241379e-01	4.65174466e-01
9.31034483e-01	5.86206897e-01	-5.59683869e-02
9.31034483e-01	6.55172414e-01	1.17681497e-01
9.31034483e-01	7.24137931e-01	-4.92017326e-01
9.31034483e-01	7.93103448e-01	-6.46454276e-01
9.31034483e-01	8.62068966e-01	-1.64554706e-01
9.31034483e-01	9.31034483e-01	3.20333682e-01
9.31034483e-01	1.00000000e+00	7.60069086e-01
1.00000000e+00	-1.00000000e+00	4.60627399e-01
1.00000000e+00	-9.31034483e-01	6.67316836e-01
1.00000000e+00	-8.62068966e-01	4.33231069e-01
1.00000000e+00	-7.93103448e-01	1.03294982e+00
1.00000000e+00	-7.24137931e-01	1.70783569e+00
1.00000000e+00	-6.55172414e-01	1.64129210e+00
1.00000000e+00	-5.86206897e-01	1.45261665e+00
1.00000000e+00	-5.17241379e-01	3.98639731e-01
1.00000000e+00	-4.48275862e-01	3.51335199e-01
1.00000000e+00	-3.79310345e-01	8.84111451e-01
1.00000000e+00	-3.10344828e-01	1.30294009e+00
1.00000000e+00	-2.41379310e-01	6.45282482e-01
1.00000000e+00	-1.72413793e-01	3.90227040e-01
1.00000000e+00	-1.03448276e-01	-5.86666032e-01
1.00000000e+00	-3.44827586e-02	-7.96833063e-01
1.00000000e+00	3.44827586e-02	-3.42410040e-01
1.00000000e+00	1.03448276e-01	-1.77342329e-03
1.00000000e+00	1.72413793e-01	-5.36300490e-01
1.00000000e+00	2.41379310e-01	-4.68795776e-01
1.00000000e+00	3.10344828e-01	1.96996653e-01
1.00000000e+00	3.79310345e-01	-4.99139524e-01
1.00000000e+00	4.48275862e-01	-1.88268491e-01
1.00000000e+00	5.17241379e-01	4.56879342e-01
1.00000000e+00	5.86206897e-01	-3.49339934e-02
1.00000000e+00	6.55172414e-01	1.64630982e-01
1.00000000e+00	7.24137931e-01	-5.26202708e-01
1.00000000e+00	7.93103448e-01	-6.47488298e-01
1.00000000e+00	8.62068966e-01	-1.54309729e-01
1.00000000e+00	9.31034483e-01	3.18836604e-01
1.00000000e+00	1.00000000e+00	7.87152687e-01
